training_step,loss,mean_q_value,max_q_value,gradient_norm,epsilon,learning_rate,timestamp
0,1.3834359645843506,-1.117833137512207,0.0,15.508286476135254,0.9893874261924775,0.0005,1748944034.9233758
1,0.7605055570602417,0.003478825092315674,0.0,12.718976974487305,0.9893874261924775,0.0004999974353418581,1748944034.9880416
2,0.9496036767959595,0.4179286062717438,0.0,9.067925453186035,0.9893874261924775,0.0004999948706968712,1748944035.0488255
3,1.458742618560791,0.8095092177391052,0.0,17.16520881652832,0.9893874261924775,0.0004999923060650391,1748944035.1112094
4,1.4429881572723389,0.30729904770851135,0.0,14.496349334716797,0.9893874261924775,0.0004999897414463619,1748944035.1706102
5,1.0603539943695068,0.183414027094841,0.0,12.86723804473877,0.9858763127302915,0.0004999871768408393,1748944035.232072
6,1.022993803024292,-0.17052215337753296,0.0,10.266724586486816,0.9858763127302915,0.0004999846122484715,1748944035.2930071
7,0.8505544662475586,-0.4733559489250183,0.0,7.915144443511963,0.9858763127302915,0.0004999820476692582,1748944035.35492
8,0.8127759099006653,-0.6880953907966614,0.0,7.54734468460083,0.9858763127302915,0.0004999794831031996,1748944035.412352
9,1.1694285869598389,-0.9742379188537598,0.0,12.362174987792969,0.9858763127302915,0.0004999769185502954,1748944035.472994
10,1.4341541528701782,-1.5138628482818604,0.0,15.334188461303711,0.9858763127302915,0.0004999743540105455,1748944035.5356355
11,1.0695219039916992,-0.8267911672592163,0.0,11.493182182312012,0.9858763127302915,0.00049997178948395,1748944035.595733
12,0.9432058334350586,-0.6892867088317871,0.0,10.869866371154785,0.9858763127302915,0.0004999692249705088,1748944035.6544907
13,2.5978469848632812,-0.555824875831604,0.0,11.730701446533203,0.9858763127302915,0.0004999666604702217,1748944035.7131777
14,0.6539248824119568,-0.13174960017204285,0.0,7.376735210418701,0.9858763127302915,0.0004999640959830889,1748944035.7718155
15,1.935300350189209,-0.06967535614967346,0.0,5.279573917388916,0.9858763127302915,0.0004999615315091101,1748944035.8333883
16,2.1096723079681396,0.12715893983840942,0.0,5.27242374420166,0.9858763127302915,0.0004999589670482852,1748944035.8933265
17,0.6806911826133728,0.5038241744041443,0.0,9.499034881591797,0.9858763127302915,0.0004999564026006143,1748944035.9549725
18,0.7396368384361267,0.10625707358121872,0.0,8.162958145141602,0.9858763127302915,0.0004999538381660973,1748944036.0177617
19,0.5994246006011963,0.22957679629325867,0.0,7.9193596839904785,0.9858763127302915,0.000499951273744734,1748944036.079189
20,0.6643508672714233,0.24649178981781006,0.0,7.8709001541137695,0.9858763127302915,0.0004999487093365246,1748944036.1372495
21,0.575942873954773,0.27498263120651245,0.0,7.72029972076416,0.9858763127302915,0.0004999461449414687,1748944036.1951442
22,0.7778558731079102,0.4455772936344147,0.0,7.541354656219482,0.9858763127302915,0.0004999435805595664,1748944036.2549841
23,0.5499845147132874,-0.06704256683588028,0.0,5.481861114501953,0.9858763127302915,0.0004999410161908177,1748944036.3158145
24,0.44997885823249817,-0.10308138281106949,0.0,5.430513381958008,0.9858763127302915,0.0004999384518352225,1748944036.3746974
25,0.45189276337623596,-0.1704668402671814,0.0,5.14534854888916,0.9858763127302915,0.0004999358874927806,1748944036.4367697
26,0.5737482905387878,-0.4207916557788849,0.0,6.899284839630127,0.9858763127302915,0.000499933323163492,1748944036.49679
27,0.38248488306999207,-0.5548375844955444,0.0,5.327026844024658,0.9858763127302915,0.0004999307588473567,1748944036.5589023
28,0.5085972547531128,-0.6037282347679138,0.0,6.02091121673584,0.9858763127302915,0.0004999281945443746,1748944036.6199656
29,0.4478510320186615,-0.509091317653656,0.0,5.616276741027832,0.9858763127302915,0.0004999256302545456,1748944036.6807058
30,0.529763400554657,-0.5531578063964844,0.0,7.076294422149658,0.9858763127302915,0.0004999230659778696,1748944036.7435436
31,0.37011972069740295,-0.28350093960762024,0.0,6.5159149169921875,0.9858763127302915,0.0004999205017143468,1748944036.8039596
32,0.6258229613304138,-0.34617823362350464,0.0,6.272030353546143,0.9858763127302915,0.0004999179374639767,1748944036.863379
33,0.4762681722640991,0.059429287910461426,0.0,5.746731758117676,0.9858763127302915,0.0004999153732267595,1748944036.9222717
34,0.3482101261615753,-0.0012703584507107735,0.0,3.0945630073547363,0.9858763127302915,0.0004999128090026951,1748944036.9839847
35,0.5073833465576172,0.2209007292985916,0.0,3.7810328006744385,0.9858763127302915,0.0004999102447917834,1748944037.0455012
36,0.6419112682342529,0.08010660111904144,0.0,6.564257621765137,0.9858763127302915,0.0004999076805940243,1748944037.1044173
37,0.4611259698867798,0.10503247380256653,0.0,4.27039909362793,0.9858763127302915,0.0004999051164094179,1748944037.1631336
38,2.0475339889526367,0.4286346733570099,0.0,3.4030606746673584,0.9858763127302915,0.000499902552237964,1748944037.2219641
39,0.6524056196212769,0.441087931394577,0.0,6.286144733428955,0.9858763127302915,0.0004998999880796625,1748944037.281907
40,0.7576639652252197,0.4560699760913849,0.0,6.451169013977051,0.9858763127302915,0.0004998974239345134,1748944037.3456018
41,0.6594444513320923,0.298892617225647,0.0,5.840490341186523,0.9858763127302915,0.0004998948598025166,1748944037.40447
42,0.5053736567497253,0.25829774141311646,0.0,4.687127113342285,0.9858763127302915,0.000499892295683672,1748944037.46426
43,0.6908734440803528,0.16347387433052063,0.0,6.626827716827393,0.9858763127302915,0.0004998897315779797,1748944037.5268254
44,0.7862871885299683,0.153672456741333,0.0,7.156131744384766,0.9858763127302915,0.0004998871674854394,1748944037.5876963
45,0.5317600965499878,-0.006291644647717476,0.0,5.659265995025635,0.9858763127302915,0.0004998846034060512,1748944037.64718
46,0.5157037973403931,-0.0531587153673172,0.0,4.2195940017700195,0.9858763127302915,0.0004998820393398149,1748944037.7041292
47,0.7320409417152405,-0.24612721800804138,0.0,5.310614585876465,0.9858763127302915,0.0004998794752867306,1748944037.764069
48,0.5067762136459351,-0.3861163854598999,0.0,4.279059886932373,0.9858763127302915,0.000499876911246798,1748944037.8251584
49,2.1093039512634277,-0.44540056586265564,0.0,5.248231887817383,0.9858763127302915,0.0004998743472200173,1748944037.8877091
50,0.4570518732070923,-0.6012094020843506,0.0,3.901427984237671,0.9858763127302915,0.0004998717832063882,1748944037.946785
51,0.366671621799469,-0.7505391836166382,0.0,4.026169300079346,0.9858763127302915,0.0004998692192059109,1748944038.0042505
52,0.47895628213882446,-0.7571319341659546,0.0,3.696810007095337,0.9858763127302915,0.0004998666552185851,1748944038.063355
53,0.5039510726928711,-0.8772833347320557,0.0,4.633909702301025,0.9858763127302915,0.0004998640912444107,1748944038.1233695
54,0.6019732356071472,-0.9534496665000916,0.0,4.829537868499756,0.9858763127302915,0.0004998615272833878,1748944038.187933
55,0.5508022308349609,-0.7938346862792969,0.0,4.68483304977417,0.9858763127302915,0.0004998589633355163,1748944038.2468195
56,0.6173269748687744,-0.9428496956825256,0.0,5.065569877624512,0.9858763127302915,0.0004998563994007961,1748944038.3052127
57,0.4981876611709595,-0.6829556226730347,0.0,4.927661418914795,0.9858763127302915,0.0004998538354792271,1748944038.3629217
58,0.6673265099525452,-0.7310060858726501,0.0,5.489876747131348,0.9858763127302915,0.0004998512715708093,1748944038.4206564
59,0.6045229434967041,-0.672785758972168,0.0,5.253847599029541,0.9858763127302915,0.0004998487076755425,1748944038.4797366
60,0.4127669334411621,-0.5100916624069214,0.0,4.104509353637695,0.9858763127302915,0.0004998461437934269,1748944038.5381703
61,0.45258066058158875,-0.4700116813182831,0.0,3.698856830596924,0.9858763127302915,0.0004998435799244621,1748944038.5970666
62,0.36731013655662537,-0.3716081380844116,0.0,3.545315742492676,0.9858763127302915,0.0004998410160686483,1748944038.6568406
63,0.424915075302124,-0.2377300262451172,0.0,2.794459342956543,0.9858763127302915,0.0004998384522259852,1748944038.7182775
64,0.39907166361808777,-0.09401457011699677,0.0,2.4512484073638916,0.9858763127302915,0.0004998358883964729,1748944038.7791848
65,0.3182273805141449,-0.12389910966157913,0.0,2.2563512325286865,0.9858763127302915,0.0004998333245801115,1748944038.8379343
66,0.4442572593688965,-0.12123879790306091,0.0,2.940396547317505,0.9858763127302915,0.0004998307607769005,1748944038.8978014
67,1.86649751663208,0.12923511862754822,0.0,2.514331340789795,0.9858763127302915,0.0004998281969868402,1748944038.959248
68,0.47658318281173706,0.15343837440013885,0.0,3.350468873977661,0.9858763127302915,0.0004998256332099302,1748944039.0198824
69,0.3619191348552704,0.19755659997463226,0.0,3.027312755584717,0.9858763127302915,0.0004998230694461708,1748944039.081123
70,0.4729258418083191,0.21430793404579163,0.0,3.4741556644439697,0.9858763127302915,0.0004998205056955616,1748944039.1441822
71,0.41639721393585205,0.11918109655380249,0.0,2.6640045642852783,0.9858763127302915,0.0004998179419581028,1748944039.2041175
72,0.43215927481651306,0.026290804147720337,0.0,2.937255859375,0.9858763127302915,0.0004998153782337942,1748944039.263541
73,0.46646231412887573,0.1824583113193512,0.0,3.1662228107452393,0.9858763127302915,0.0004998128145226357,1748944039.3208978
74,0.5054991245269775,0.12602058053016663,0.0,3.4789369106292725,0.9858763127302915,0.0004998102508246274,1748944039.3812296
75,0.47033461928367615,0.08634160459041595,0.0,3.124760389328003,0.9858763127302915,0.000499807687139769,1748944039.442861
76,0.5960570573806763,-0.16775383055210114,0.0,4.40733528137207,0.9858763127302915,0.0004998051234680606,1748944039.5039635
77,0.4919011890888214,0.04616416245698929,0.0,3.8151395320892334,0.9858763127302915,0.0004998025598095021,1748944039.5636094
78,0.43980643153190613,-0.0694781020283699,0.0,3.0868313312530518,0.9858763127302915,0.0004997999961640935,1748944039.6229987
79,0.3865785598754883,-0.2550469636917114,0.0,2.9196269512176514,0.9858763127302915,0.0004997974325318344,1748944039.688387
80,0.32062026858329773,-0.39762598276138306,0.0,2.5481104850769043,0.9858763127302915,0.0004997948689127252,1748944039.746859
81,0.4252375364303589,-0.2948986887931824,0.0,3.6732399463653564,0.9858763127302915,0.0004997923053067655,1748944039.8047647
82,0.42630237340927124,-0.5311511754989624,0.0,3.142618417739868,0.9858763127302915,0.0004997897417139554,1748944039.863349
83,0.3644309639930725,-0.38249608874320984,0.0,2.4240150451660156,0.9858763127302915,0.0004997871781342948,1748944039.9215283
84,0.40664300322532654,-0.6588101387023926,0.0,2.7843809127807617,0.9858763127302915,0.0004997846145677836,1748944039.980765
85,0.41644757986068726,-0.7670455574989319,0.0,3.2532382011413574,0.9858763127302915,0.0004997820510144217,1748944040.0393665
86,1.8768863677978516,-0.5921965837478638,0.0,2.4657845497131348,0.9858763127302915,0.0004997794874742091,1748944040.100048
87,0.3728184401988983,-0.6860712766647339,0.0,3.6094205379486084,0.9858763127302915,0.0004997769239471457,1748944040.1625085
88,0.35989975929260254,-0.8768277168273926,0.0,3.17840576171875,0.9858763127302915,0.0004997743604332315,1748944040.2216375
89,0.49748948216438293,-0.8553590774536133,0.0,3.960251808166504,0.9858763127302915,0.0004997717969324663,1748944040.2841895
90,1.9952373504638672,-0.800270140171051,0.0,4.149143218994141,0.9858763127302915,0.0004997692334448501,1748944040.3453634
91,0.4619024097919464,-0.7239011526107788,0.0,3.3740344047546387,0.9858763127302915,0.0004997666699703828,1748944040.4041946
92,0.4076089859008789,-0.7222683429718018,0.0,2.3285763263702393,0.9858763127302915,0.0004997641065090645,1748944040.4638374
93,0.34598013758659363,-0.6611135005950928,0.0,2.798102617263794,0.9858763127302915,0.0004997615430608949,1748944040.52324
94,0.4884163439273834,-0.585619330406189,0.0,3.1706204414367676,0.9858763127302915,0.0004997589796258741,1748944040.5823147
95,0.33529478311538696,-0.5146492123603821,0.0,3.219865560531616,0.9858763127302915,0.000499756416204002,1748944040.6431618
96,0.35462236404418945,-0.5311893224716187,0.0,3.211481809616089,0.9858763127302915,0.0004997538527952784,1748944040.7040267
97,0.2375132441520691,-0.37320035696029663,0.0,2.3973186016082764,0.9858763127302915,0.0004997512893997034,1748944040.763722
98,0.2145811915397644,-0.2773095965385437,0.0,2.340506076812744,0.9858763127302915,0.0004997487260172768,1748944040.825301
99,0.29267725348472595,-0.24440602958202362,0.0,2.8019285202026367,0.9858763127302915,0.0004997461626479986,1748944040.8878655
100,0.2978648543357849,-0.34297066926956177,0.0,2.7283754348754883,0.9858763127302915,0.0004997435992918688,1748944040.9478738
101,0.20921123027801514,-0.18027275800704956,0.0,2.1168928146362305,0.9858763127302915,0.0004997410359488874,1748944041.0104449
102,0.18472601473331451,-0.07270727306604385,0.0,1.633070945739746,0.9858763127302915,0.0004997384726190539,1748944041.0699706
103,0.22847425937652588,-0.02762363851070404,0.0,1.662839651107788,0.9858763127302915,0.0004997359093023687,1748944041.1299543
104,0.2009599357843399,0.09580563008785248,0.0,1.5169438123703003,0.9858763127302915,0.0004997333459988315,1748944041.1888857
105,0.2501201331615448,0.059036824852228165,0.0,1.7359877824783325,0.9858763127302915,0.0004997307827084423,1748944041.2469149
106,0.1796981245279312,0.07531560957431793,0.0,1.5690746307373047,0.9858763127302915,0.0004997282194312011,1748944041.304713
107,0.2438453584909439,0.16032010316848755,0.0,1.5409070253372192,0.9858763127302915,0.0004997256561671078,1748944041.3624868
108,0.2039746642112732,0.13089494407176971,0.0,1.6801689863204956,0.9858763127302915,0.0004997230929161622,1748944041.4203115
109,0.2392267882823944,0.16657966375350952,0.0,1.821898102760315,0.9858763127302915,0.0004997205296783643,1748944041.480342
110,0.25135529041290283,0.12300964444875717,0.0,1.811376929283142,0.9858763127302915,0.000499717966453714,1748944041.5422673
111,0.3527378737926483,0.131803959608078,0.0,2.0193657875061035,0.9858763127302915,0.0004997154032422114,1748944041.6043267
112,0.36226966977119446,0.20104947686195374,0.0,2.6292333602905273,0.9858763127302915,0.0004997128400438563,1748944041.663823
113,0.29388099908828735,0.047812569886446,0.0,2.1789984703063965,0.9858763127302915,0.0004997102768586487,1748944041.7231967
114,0.2715725004673004,0.097349151968956,0.0,2.3925352096557617,0.9858763127302915,0.0004997077136865885,1748944041.7868118
115,0.45147374272346497,0.18232524394989014,0.0,2.6921374797821045,0.9858763127302915,0.0004997051505276755,1748944041.8471255
116,0.3752952218055725,0.08376550674438477,0.0,1.781904697418213,0.9858763127302915,0.0004997025873819098,1748944041.9058278
117,0.28781241178512573,0.06433077901601791,0.0,1.8265104293823242,0.9858763127302915,0.0004997000242492913,1748944041.970893
118,0.4851439595222473,0.07713286578655243,0.0,2.3972091674804688,0.9858763127302915,0.00049969746112982,1748944042.0308683
119,0.39659157395362854,-0.026681724935770035,0.0,2.0515832901000977,0.9858763127302915,0.0004996948980234956,1748944042.0911531
120,0.4437653124332428,-0.003205101005733013,0.0,2.137608766555786,0.9858763127302915,0.0004996923349303183,1748944042.1533039
121,0.4477387070655823,-0.02344217523932457,0.0,2.2771880626678467,0.9858763127302915,0.0004996897718502879,1748944042.2137992
122,0.439838707447052,-0.04875870421528816,0.0,2.5650482177734375,0.9858763127302915,0.0004996872087834043,1748944042.2732985
123,0.32191723585128784,-0.1533481925725937,0.0,1.6916849613189697,0.9858763127302915,0.0004996846457296675,1748944042.333471
124,0.3424389362335205,-0.18021860718727112,0.0,1.979379653930664,0.9858763127302915,0.0004996820826890774,1748944042.395437
125,0.398410826921463,-0.17745086550712585,0.0,2.1688249111175537,0.9858763127302915,0.000499679519661634,1748944042.4567022
126,0.38382142782211304,-0.3086223602294922,0.0,1.9809751510620117,0.9858763127302915,0.000499676956647337,1748944042.5159762
127,0.3665350675582886,-0.28986912965774536,0.0,2.199432611465454,0.9858763127302915,0.0004996743936461867,1748944042.575391
128,0.3662838339805603,-0.3560448884963989,0.0,1.8354763984680176,0.9858763127302915,0.0004996718306581828,1748944042.6378493
129,0.3824719190597534,-0.28414681553840637,0.0,2.0394973754882812,0.9858763127302915,0.0004996692676833253,1748944042.6969469
130,0.41427892446517944,-0.3501627445220947,0.0,2.1410036087036133,0.9858763127302915,0.000499666704721614,1748944042.754475
131,0.3880501389503479,-0.4777849316596985,0.0,2.091979503631592,0.9858763127302915,0.0004996641417730491,1748944042.8130705
132,0.3412590026855469,-0.4640668034553528,0.0,1.945218563079834,0.9858763127302915,0.0004996615788376303,1748944042.8714433
133,0.3159896731376648,-0.42592909932136536,0.0,1.7699204683303833,0.9858763127302915,0.0004996590159153575,1748944042.9295506
134,0.37527692317962646,-0.4534142017364502,0.0,2.0860068798065186,0.9858763127302915,0.0004996564530062308,1748944042.986986
135,0.34911632537841797,-0.5457707047462463,0.0,2.0545268058776855,0.9858763127302915,0.0004996538901102501,1748944043.0451355
136,0.33448195457458496,-0.4858294725418091,0.0,1.9982869625091553,0.9858763127302915,0.0004996513272274153,1748944043.104864
137,0.39937761425971985,-0.5697028040885925,0.0,2.5990936756134033,0.9858763127302915,0.0004996487643577264,1748944043.1635635
138,0.3259906768798828,-0.5825072526931763,0.0,2.420300245285034,0.9858763127302915,0.0004996462015011832,1748944043.225306
139,0.3036174476146698,-0.4803805947303772,0.0,2.1467862129211426,0.9858763127302915,0.0004996436386577858,1748944043.2878065
140,0.3244006335735321,-0.5246273279190063,0.0,2.2349693775177,0.9858763127302915,0.0004996410758275339,1748944043.3485775
141,0.30573293566703796,-0.4555913507938385,0.0,1.9554553031921387,0.9858763127302915,0.0004996385130104276,1748944043.4118574
142,0.328252911567688,-0.48567062616348267,0.0,2.5335142612457275,0.9858763127302915,0.0004996359502064668,1748944043.4719675
143,0.27008873224258423,-0.4298064410686493,0.0,1.7774654626846313,0.9858763127302915,0.0004996333874156515,1748944043.532474
144,0.25446540117263794,-0.4144909977912903,0.0,1.7427011728286743,0.9858763127302915,0.0004996308246379815,1748944043.5928078
145,0.23033925890922546,-0.4065536856651306,0.0,2.0878546237945557,0.9858763127302915,0.0004996282618734568,1748944043.654576
146,0.2949504852294922,-0.3317660093307495,0.0,2.209390640258789,0.9858763127302915,0.0004996256991220774,1748944043.7131016
147,0.17851223051548004,-0.2586204409599304,0.0,1.6820534467697144,0.9858763127302915,0.0004996231363838431,1748944043.7721317
148,1.763717532157898,-0.24298560619354248,0.0,1.731870174407959,0.9858763127302915,0.0004996205736587538,1748944043.831262
149,0.22325587272644043,-0.2710164189338684,0.0,1.504673719406128,0.9858763127302915,0.0004996180109468097,1748944043.8909307
150,0.2298487424850464,-0.28153055906295776,0.0,1.683076024055481,0.9858763127302915,0.0004996154482480105,1748944043.953471
151,0.18322497606277466,-0.1807747483253479,0.0,1.4709631204605103,0.9858763127302915,0.0004996128855623562,1748944044.0136096
152,0.24081023037433624,-0.14953471720218658,0.0,1.7037460803985596,0.9858763127302915,0.0004996103228898466,1748944044.073608
153,0.22581073641777039,-0.2138686180114746,0.0,1.27433443069458,0.9858763127302915,0.000499607760230482,1748944044.134197
154,0.19690032303333282,-0.10259400308132172,0.0,1.2565398216247559,0.9858763127302915,0.0004996051975842619,1748944044.1967509
155,0.20806369185447693,-0.08548873662948608,0.0,1.5631264448165894,0.9858763127302915,0.0004996026349511865,1748944044.2545476
156,0.27897143363952637,-0.14023977518081665,0.0,2.047619581222534,0.9858763127302915,0.0004996000723312556,1748944044.313041
157,0.20517142117023468,-0.04434267804026604,0.0,1.1254267692565918,0.9858763127302915,0.0004995975097244692,1748944044.3710272
158,0.28051406145095825,-0.048721883445978165,0.0,1.437803864479065,0.9858763127302915,0.0004995949471308272,1748944044.4308808
159,0.24144962430000305,-0.09752997756004333,0.0,1.3517804145812988,0.9858763127302915,0.0004995923845503296,1748944044.491761
160,0.2522611618041992,-0.10878631472587585,0.0,1.777622103691101,0.9858763127302915,0.0004995898219829763,1748944044.5535753
161,1.7776035070419312,-0.08237874507904053,0.0,1.6656066179275513,0.9858763127302915,0.0004995872594287672,1748944044.6139956
162,0.21750178933143616,-0.11329557001590729,0.0,1.41144859790802,0.9858763127302915,0.0004995846968877022,1748944044.6754408
163,0.2827169895172119,-0.11919032037258148,0.0,1.8532979488372803,0.9858763127302915,0.0004995821343597814,1748944044.7371678
164,0.31109583377838135,-0.16374614834785461,0.0,1.9610201120376587,0.9858763127302915,0.0004995795718450046,1748944044.796693
165,0.2686384320259094,-0.20014676451683044,0.0,1.805962324142456,0.9858763127302915,0.0004995770093433716,1748944044.8565931
166,0.2700331211090088,-0.14455515146255493,0.0,1.6769044399261475,0.9858763127302915,0.0004995744468548827,1748944044.91531
167,0.2565840482711792,-0.2819126546382904,0.0,1.7301105260849,0.9858763127302915,0.0004995718843795375,1748944044.975675
168,0.20295535027980804,-0.18564032018184662,0.0,1.4541147947311401,0.9858763127302915,0.0004995693219173359,1748944045.0376663
169,0.19543412327766418,-0.1528671681880951,0.0,1.5559771060943604,0.9858763127302915,0.0004995667594682782,1748944045.0974126
170,0.18474610149860382,-0.20937976241111755,0.0,1.4248772859573364,0.9858763127302915,0.000499564197032364,1748944045.1605911
171,0.24552711844444275,-0.2965077757835388,0.0,1.7998534440994263,0.9858763127302915,0.0004995616346095933,1748944045.2219684
172,0.266754150390625,-0.23442617058753967,0.0,1.5046720504760742,0.9858763127302915,0.0004995590721999662,1748944045.2799997
173,0.237775981426239,-0.34083789587020874,0.0,1.603977918624878,0.9858763127302915,0.0004995565098034825,1748944045.3382075
174,0.21263441443443298,-0.2684662342071533,0.0,1.8374176025390625,0.9858763127302915,0.0004995539474201421,1748944045.397659
175,0.22869279980659485,-0.3981495499610901,0.0,1.592769742012024,0.9858763127302915,0.0004995513850499449,1748944045.4571073
176,0.2575588524341583,-0.3003919720649719,0.0,2.146010637283325,0.9858763127302915,0.0004995488226928911,1748944045.5177367
177,0.2758760452270508,-0.19835273921489716,0.0,1.778836965560913,0.9858763127302915,0.0004995462603489802,1748944045.5789251
178,0.19405852258205414,-0.3187147378921509,0.0,1.8138338327407837,0.9858763127302915,0.0004995436980182125,1748944045.6387045
179,0.24781711399555206,-0.2826852798461914,0.0,1.5762423276901245,0.9858763127302915,0.0004995411357005879,1748944045.6987689
180,0.25867781043052673,-0.22908708453178406,0.0,1.7597415447235107,0.9858763127302915,0.0004995385733961061,1748944045.7588573
181,0.23777568340301514,-0.33093634247779846,0.0,1.4268484115600586,0.9858763127302915,0.0004995360111047672,1748944045.8204722
182,0.21457698941230774,-0.2715306282043457,0.0,1.599691390991211,0.9858763127302915,0.0004995334488265711,1748944045.8794575
183,0.21898995339870453,-0.22959277033805847,0.0,1.434938907623291,0.9858763127302915,0.0004995308865615178,1748944045.9377959
184,0.14529629051685333,-0.2677994966506958,0.0,1.1451821327209473,0.9858763127302915,0.0004995283243096071,1748944045.996579
185,0.2337186187505722,-0.24085260927677155,0.0,1.5352776050567627,0.9858763127302915,0.0004995257620708391,1748944046.0545974
186,0.20541825890541077,-0.19254006445407867,0.0,1.8240209817886353,0.9858763127302915,0.0004995231998452135,1748944046.1132114
187,0.20264843106269836,-0.2222161591053009,0.0,1.342159628868103,0.9858763127302915,0.0004995206376327304,1748944046.1718702
188,1.775730013847351,-0.18158291280269623,0.0,1.6041885614395142,0.9858763127302915,0.0004995180754333897,1748944046.231728
189,0.1517619490623474,-0.2056024670600891,0.0,1.2614984512329102,0.9858763127302915,0.0004995155132471913,1748944046.2922869
190,0.23112249374389648,-0.15201684832572937,0.0,1.3743702173233032,0.9858763127302915,0.0004995129510741353,1748944046.353804
191,0.19141171872615814,-0.14834874868392944,0.0,1.605438470840454,0.9858763127302915,0.0004995103889142214,1748944046.4129968
192,0.1709316223859787,-0.21515566110610962,0.0,1.31496262550354,0.9858763127302915,0.0004995078267674496,1748944046.4710672
193,0.18752656877040863,-0.18345241248607635,0.0,1.2450847625732422,0.9858763127302915,0.0004995052646338199,1748944046.5299423
194,0.22003698348999023,-0.18635021150112152,0.0,1.5336517095565796,0.9858763127302915,0.0004995027025133322,1748944046.589785
195,0.2204059511423111,-0.18092811107635498,0.0,1.3815879821777344,0.9858763127302915,0.0004995001404059864,1748944046.6500914
196,0.18761251866817474,-0.17332077026367188,0.0,1.4265227317810059,0.9858763127302915,0.0004994975783117825,1748944046.7122316
197,0.19802892208099365,-0.18655233085155487,0.0,1.615082859992981,0.9858763127302915,0.0004994950162307203,1748944046.7721636
198,0.21619614958763123,-0.1363425850868225,0.0,1.4871985912322998,0.9858763127302915,0.0004994924541628,1748944046.8341866
199,0.19484290480613708,-0.1998312622308731,0.0,1.1525018215179443,0.9858763127302915,0.0004994898921080211,1748944046.8967505
200,0.249324768781662,-0.22813434898853302,0.0,1.3873237371444702,0.9858763127302915,0.000499487330066384,1748944046.9541638
201,0.2869192361831665,-0.11838558316230774,0.0,1.5566579103469849,0.9858763127302915,0.0004994847680378883,1748944047.0134153
202,0.22048787772655487,-0.22843095660209656,0.0,1.2545745372772217,0.9858763127302915,0.0004994822060225341,1748944047.0718124
203,0.2517237663269043,-0.1537259966135025,0.0,1.4454820156097412,0.9858763127302915,0.0004994796440203214,1748944047.1343498
204,0.2520095109939575,-0.3762654662132263,0.0,1.4935557842254639,0.9858763127302915,0.0004994770820312499,1748944047.196886
205,0.27361607551574707,-0.2439175844192505,0.0,1.5402883291244507,0.9823783226263714,0.0004994745200553196,1748944047.2552426
206,0.28465536236763,-0.3037119507789612,0.0,2.0781280994415283,0.9823783226263714,0.0004994719580925306,1748944047.3146157
207,0.24537594616413116,-0.38472747802734375,0.0,1.3180946111679077,0.9823783226263714,0.0004994693961428827,1748944047.3741348
208,0.2921585142612457,-0.2639290392398834,0.0,1.6221414804458618,0.9823783226263714,0.0004994668342063758,1748944047.436579
209,0.3443073630332947,-0.2911173701286316,0.0,1.9644229412078857,0.9823783226263714,0.0004994642722830099,1748944047.4960413
210,0.21161021292209625,-0.3966478705406189,0.0,1.3433884382247925,0.9823783226263714,0.0004994617103727849,1748944047.5554118
211,0.2501196265220642,-0.4895751178264618,0.0,1.502112865447998,0.9823783226263714,0.0004994591484757008,1748944047.6149778
212,0.2424793690443039,-0.4846644997596741,0.0,1.9126880168914795,0.9823783226263714,0.0004994565865917574,1748944047.6777453
213,0.34157615900039673,-0.45050790905952454,0.0,2.0784995555877686,0.9823783226263714,0.0004994540247209548,1748944047.7376316
214,0.2645474374294281,-0.49029916524887085,0.0,1.7558293342590332,0.9823783226263714,0.0004994514628632928,1748944047.7970555
215,0.3618636131286621,-0.43615245819091797,0.0,2.3643147945404053,0.9823783226263714,0.0004994489010187713,1748944047.859625
216,0.23718421161174774,-0.4356098473072052,0.0,1.702633023262024,0.9823783226263714,0.0004994463391873905,1748944047.9215739
217,0.2742909789085388,-0.5237458348274231,0.0,2.311741590499878,0.9823783226263714,0.00049944377736915,1748944047.9797819
218,0.18961820006370544,-0.49328750371932983,0.0,1.543813943862915,0.9823783226263714,0.0004994412155640499,1748944048.0379176
219,1.7827489376068115,-0.36752331256866455,0.0,1.6998096704483032,0.9823783226263714,0.0004994386537720901,1748944048.0967057
220,0.21271196007728577,-0.29173558950424194,0.0,1.8180172443389893,0.9823783226263714,0.0004994360919932707,1748944048.156956
221,0.28837597370147705,-0.34927457571029663,0.0,1.3627501726150513,0.9823783226263714,0.0004994335302275913,1748944048.219875
222,0.25657740235328674,-0.2225705236196518,0.0,1.4115986824035645,0.9823783226263714,0.000499430968475052,1748944048.2799897
223,0.2633708715438843,-0.2162695825099945,0.0,1.357486605644226,0.9823783226263714,0.0004994284067356528,1748944048.3388934
224,1.8233033418655396,-0.19992497563362122,0.0,1.5289689302444458,0.9823783226263714,0.0004994258450093936,1748944048.39915
225,0.15948951244354248,-0.2019525021314621,0.0,1.1148490905761719,0.9823783226263714,0.0004994232832962742,1748944048.4589906
226,1.8132952451705933,-0.1350230872631073,0.0,1.5571024417877197,0.9823783226263714,0.0004994207215962946,1748944048.5211995
227,0.1297995001077652,-0.12016494572162628,0.0,1.0036550760269165,0.9823783226263714,0.000499418159909455,1748944048.5805452
228,0.17405226826667786,-0.06864412873983383,0.0,1.0719184875488281,0.9823783226263714,0.0004994155982357549,1748944048.6389139
229,0.16984021663665771,-0.16796541213989258,0.0,1.189732313156128,0.9823783226263714,0.0004994130365751945,1748944048.7019694
230,0.2124663144350052,-0.14072713255882263,0.0,1.365864872932434,0.9823783226263714,0.0004994104749277737,1748944048.7628815
231,1.7256956100463867,-0.11497576534748077,0.0,1.2810914516448975,0.9823783226263714,0.0004994079132934924,1748944048.82223
232,0.180156871676445,-0.1462957262992859,0.0,1.207927942276001,0.9823783226263714,0.0004994053516723505,1748944048.8867567
233,1.7046496868133545,-0.15175873041152954,0.0,1.0851637125015259,0.9823783226263714,0.000499402790064348,1748944048.9466476
234,0.18863964080810547,-0.12383249402046204,0.0,1.1969587802886963,0.9823783226263714,0.0004994002284694846,1748944049.005454
235,0.16823714971542358,-0.09959837794303894,0.0,1.0345051288604736,0.9823783226263714,0.0004993976668877607,1748944049.0642323
236,0.11502895504236221,-0.16149094700813293,0.0,1.0410515069961548,0.9823783226263714,0.0004993951053191758,1748944049.125192
237,0.1245008111000061,-0.11151781678199768,0.0,1.043472170829773,0.9823783226263714,0.0004993925437637301,1748944049.188335
238,0.1523188352584839,-0.17632324993610382,0.0,1.0707470178604126,0.9823783226263714,0.0004993899822214234,1748944049.2467668
239,0.15310990810394287,-0.18299660086631775,0.0,0.9215977191925049,0.9823783226263714,0.0004993874206922556,1748944049.3046806
240,0.19138124585151672,-0.07994987070560455,0.0,1.244820475578308,0.9823783226263714,0.0004993848591762268,1748944049.3645532
241,0.09803075343370438,-0.16245272755622864,0.0,0.9048560261726379,0.9823783226263714,0.0004993822976733368,1748944049.423338
242,0.16692350804805756,-0.058583568781614304,0.0,1.0674350261688232,0.9823783226263714,0.0004993797361835854,1748944049.4888055
243,0.17768169939517975,-0.1543307602405548,0.0,1.042187213897705,0.9823783226263714,0.0004993771747069728,1748944049.5454345
244,1.7356635332107544,-0.07774488627910614,0.0,1.1354801654815674,0.9823783226263714,0.0004993746132434989,1748944049.6049662
245,0.12283094227313995,-0.15906193852424622,0.0,1.0651134252548218,0.9823783226263714,0.0004993720517931634,1748944049.66285
246,0.17042940855026245,-0.1903195083141327,0.0,1.0888742208480835,0.9823783226263714,0.0004993694903559665,1748944049.72286
247,0.14445027709007263,-0.14306673407554626,0.0,0.9961792826652527,0.9823783226263714,0.0004993669289319081,1748944049.7866793
248,0.14403927326202393,-0.1336337924003601,0.0,1.1188417673110962,0.9823783226263714,0.0004993643675209879,1748944049.8465922
249,0.20112387835979462,-0.15511107444763184,0.0,1.2357319593429565,0.9823783226263714,0.000499361806123206,1748944049.9086816
250,0.18031622469425201,-0.18651124835014343,0.0,1.286468744277954,0.9823783226263714,0.0004993592447385623,1748944049.9702728
251,0.21546773612499237,-0.1741490364074707,0.0,1.284907341003418,0.9823783226263714,0.0004993566833670569,1748944050.030877
252,0.17884686589241028,-0.21690142154693604,0.0,1.0035717487335205,0.9823783226263714,0.0004993541220086895,1748944050.0896888
253,0.1997389793395996,-0.22283001244068146,0.0,1.3860818147659302,0.9823783226263714,0.0004993515606634601,1748944050.150986
254,0.16141854226589203,-0.15917739272117615,0.0,1.0011141300201416,0.9823783226263714,0.0004993489993313687,1748944050.2120435
255,0.1703907996416092,-0.17464914917945862,0.0,0.9302337765693665,0.9823783226263714,0.0004993464380124151,1748944050.2726135
256,0.17609640955924988,-0.256233811378479,0.0,1.1733967065811157,0.9823783226263714,0.0004993438767065993,1748944050.3349888
257,0.1576865166425705,-0.22471883893013,0.0,1.1239192485809326,0.9823783226263714,0.0004993413154139214,1748944050.3953183
258,0.17872270941734314,-0.2704870104789734,0.0,1.1833827495574951,0.9823783226263714,0.000499338754134381,1748944050.4547963
259,0.1616482436656952,-0.328967809677124,0.0,1.0269922018051147,0.9823783226263714,0.0004993361928679784,1748944050.5135484
260,0.12239228934049606,-0.3011181056499481,0.0,0.9921843409538269,0.9823783226263714,0.0004993336316147132,1748944050.5720217
261,0.12017044425010681,-0.22385787963867188,0.0,0.8421989679336548,0.9823783226263714,0.0004993310703745855,1748944050.631013
262,0.12841638922691345,-0.20783279836177826,0.0,0.8817542791366577,0.9823783226263714,0.0004993285091475953,1748944050.6899352
263,1.7109897136688232,-0.22446250915527344,0.0,0.9899409413337708,0.9823783226263714,0.0004993259479337424,1748944050.7518473
264,0.15603341162204742,-0.359123170375824,0.0,1.1779290437698364,0.9823783226263714,0.0004993233867330268,1748944050.8128474
265,0.17118164896965027,-0.28908786177635193,0.0,1.0611447095870972,0.9823783226263714,0.0004993208255454482,1748944050.8714328
266,0.17750638723373413,-0.27500683069229126,0.0,1.0607768297195435,0.9823783226263714,0.000499318264371007,1748944050.9321818
267,0.16764670610427856,-0.3050616383552551,0.0,1.2392641305923462,0.9823783226263714,0.0004993157032097028,1748944050.9958665
268,1.7236571311950684,-0.3004567623138428,0.0,1.2050284147262573,0.9823783226263714,0.0004993131420615355,1748944051.0545423
269,0.15902309119701385,-0.2807176113128662,0.0,1.2369872331619263,0.9823783226263714,0.0004993105809265052,1748944051.1133475
270,0.16275519132614136,-0.3052433729171753,0.0,1.0569533109664917,0.9823783226263714,0.0004993080198046119,1748944051.171773
271,0.1382594108581543,-0.23212194442749023,0.0,0.9841603636741638,0.9823783226263714,0.0004993054586958553,1748944051.2339048
272,0.19637969136238098,-0.32792922854423523,0.0,1.0708070993423462,0.9823783226263714,0.0004993028976002354,1748944051.2967918
273,0.14848929643630981,-0.3040679097175598,0.0,0.93387770652771,0.9823783226263714,0.0004993003365177523,1748944051.3555193
274,0.1371924877166748,-0.2217865139245987,0.0,0.99908047914505,0.9823783226263714,0.0004992977754484057,1748944051.4148102
275,0.17187991738319397,-0.230391263961792,0.0,1.0877951383590698,0.9823783226263714,0.0004992952143921956,1748944051.4766803
276,0.1443563997745514,-0.32402199506759644,0.0,1.2724109888076782,0.9823783226263714,0.000499292653349122,1748944051.5379984
277,0.20289093255996704,-0.23487836122512817,0.0,1.0077495574951172,0.9823783226263714,0.0004992900923191848,1748944051.597686
278,0.12354360520839691,-0.2823411226272583,0.0,0.9543429017066956,0.9823783226263714,0.000499287531302384,1748944051.6585894
279,0.14610609412193298,-0.225145161151886,0.0,0.9660199880599976,0.9823783226263714,0.0004992849702987193,1748944051.7219384
280,0.1337856948375702,-0.20653027296066284,0.0,0.997409462928772,0.9823783226263714,0.000499282409308191,1748944051.7801344
281,0.12488526850938797,-0.2596653699874878,0.0,0.9264551997184753,0.9823783226263714,0.0004992798483307987,1748944051.8387969
282,0.12747149169445038,-0.23525670170783997,0.0,1.1356371641159058,0.9823783226263714,0.0004992772873665425,1748944051.896617
283,0.1663486659526825,-0.1790320873260498,0.0,1.0151817798614502,0.9823783226263714,0.0004992747264154222,1748944051.954807
284,0.14697298407554626,-0.15218496322631836,0.0,0.9409176111221313,0.9823783226263714,0.000499272165477438,1748944052.0132036
285,1.7023874521255493,-0.17159023880958557,0.0,0.8916638493537903,0.9823783226263714,0.0004992696045525896,1748944052.071517
286,0.16082310676574707,-0.20464029908180237,0.0,0.9767266511917114,0.9823783226263714,0.000499267043640877,1748944052.1296084
287,0.17376647889614105,-0.18526965379714966,0.0,0.8574973344802856,0.9823783226263714,0.0004992644827423,1748944052.1886199
288,0.17283447086811066,-0.17379042506217957,0.0,1.1701751947402954,0.9823783226263714,0.0004992619218568588,1748944052.2465637
289,1.7405868768692017,-0.2030143141746521,0.0,0.929478108882904,0.9823783226263714,0.0004992593609845532,1748944052.3046267
290,0.1558457314968109,-0.1793389618396759,0.0,0.8799683451652527,0.9823783226263714,0.0004992568001253831,1748944052.3635666
291,0.19308939576148987,-0.1835428774356842,0.0,1.0031745433807373,0.9823783226263714,0.0004992542392793485,1748944052.423373
292,0.1388193517923355,-0.18271401524543762,0.0,0.7591471076011658,0.9823783226263714,0.0004992516784464491,1748944052.4869673
293,0.12183679640293121,-0.1882598102092743,0.0,0.8056917190551758,0.9823783226263714,0.0004992491176266852,1748944052.5469382
294,0.1600692868232727,-0.185799241065979,0.0,0.9138999581336975,0.9823783226263714,0.0004992465568200565,1748944052.6095805
295,0.178493469953537,-0.2065328061580658,0.0,1.0835771560668945,0.9823783226263714,0.000499243996026563,1748944052.670703
296,0.17122791707515717,-0.25411540269851685,0.0,0.9462562799453735,0.9823783226263714,0.0004992414352462046,1748944052.731153
297,0.16860434412956238,-0.21681293845176697,0.0,1.0502763986587524,0.9823783226263714,0.0004992388744789812,1748944052.7937267
298,0.19272443652153015,-0.2212512195110321,0.0,1.1424438953399658,0.9823783226263714,0.0004992363137248929,1748944052.8544672
299,1.7108045816421509,-0.23960764706134796,0.0,0.9059455394744873,0.9823783226263714,0.0004992337529839395,1748944052.9134598
300,0.15372005105018616,-0.25024059414863586,0.0,0.9537628889083862,0.9823783226263714,0.0004992311922561209,1748944052.9726903
301,0.17118534445762634,-0.31541064381599426,0.0,0.9714412093162537,0.9823783226263714,0.0004992286315414371,1748944053.0319598
302,0.20632304251194,-0.2219664603471756,0.0,1.0825966596603394,0.9823783226263714,0.000499226070839888,1748944053.0932806
303,0.1968262791633606,-0.28855276107788086,0.0,1.2628275156021118,0.9823783226263714,0.0004992235101514735,1748944053.154192
304,0.18502277135849,-0.30343496799468994,0.0,1.119796872138977,0.9823783226263714,0.0004992209494761937,1748944053.2142646
305,0.21015237271785736,-0.3225194215774536,0.0,1.1725343465805054,0.9823783226263714,0.0004992183888140484,1748944053.2725692
306,0.16984567046165466,-0.27387735247612,0.0,1.049914836883545,0.9823783226263714,0.0004992158281650374,1748944053.33259
307,0.14022120833396912,-0.31119033694267273,0.0,0.9477518200874329,0.9823783226263714,0.0004992132675291609,1748944053.3958273
308,0.1642613708972931,-0.32249894738197327,0.0,1.1060062646865845,0.9823783226263714,0.0004992107069064186,1748944053.4542198
309,0.15210002660751343,-0.42298123240470886,0.0,1.2921825647354126,0.9823783226263714,0.0004992081462968107,1748944053.5134866
310,0.12434058636426926,-0.3254363536834717,0.0,0.8751209378242493,0.9823783226263714,0.0004992055857003369,1748944053.572901
311,0.14697115123271942,-0.374816358089447,0.0,1.0091605186462402,0.9823783226263714,0.0004992030251169973,1748944053.6346216
312,0.13757210969924927,-0.3867223560810089,0.0,0.8927018046379089,0.9823783226263714,0.0004992004645467917,1748944053.6965563
313,0.16717062890529633,-0.4505956768989563,0.0,1.2680366039276123,0.9823783226263714,0.0004991979039897199,1748944053.7549207
314,0.133733868598938,-0.3793521225452423,0.0,0.9734758734703064,0.9823783226263714,0.0004991953434457823,1748944053.8133695
315,1.6916520595550537,-0.3906601071357727,0.0,1.1076005697250366,0.9823783226263714,0.0004991927829149783,1748944053.8716445
316,0.16455724835395813,-0.4192866086959839,0.0,1.288957953453064,0.9823783226263714,0.0004991902223973082,1748944053.9297657
317,0.13561883568763733,-0.3447722792625427,0.0,1.0682862997055054,0.9823783226263714,0.0004991876618927717,1748944053.9880705
318,0.16613036394119263,-0.3839247226715088,0.0,1.0633922815322876,0.9823783226263714,0.0004991851014013689,1748944054.045383
319,0.12449607253074646,-0.3790862560272217,0.0,1.0546982288360596,0.9823783226263714,0.0004991825409230996,1748944054.1055856
320,0.14339223504066467,-0.41816246509552,0.0,0.9573222398757935,0.9823783226263714,0.0004991799804579639,1748944054.163715
321,0.11838419735431671,-0.359896719455719,0.0,1.0059375762939453,0.9823783226263714,0.0004991774200059617,1748944054.2244134
322,0.10937294363975525,-0.3717063069343567,0.0,0.8550856709480286,0.9823783226263714,0.0004991748595670928,1748944054.286603
323,0.16710522770881653,-0.3437657356262207,0.0,1.008931040763855,0.9823783226263714,0.0004991722991413571,1748944054.3469284
324,0.16919170320034027,-0.3466748893260956,0.0,1.201247215270996,0.9823783226263714,0.0004991697387287548,1748944054.4056299
325,0.17078061401844025,-0.34361860156059265,0.0,1.011795997619629,0.9823783226263714,0.0004991671783292855,1748944054.4681392
326,0.11771655082702637,-0.312396377325058,0.0,0.838245153427124,0.9823783226263714,0.0004991646179429494,1748944054.5294178
327,0.15539228916168213,-0.34675806760787964,0.0,1.2249218225479126,0.9823783226263714,0.0004991620575697462,1748944054.5877626
328,0.1762210726737976,-0.3137325644493103,0.0,1.1055904626846313,0.9823783226263714,0.0004991594972096761,1748944054.6476057
329,0.14893147349357605,-0.3163518011569977,0.0,1.1051318645477295,0.9823783226263714,0.0004991569368627389,1748944054.7067094
330,0.16787153482437134,-0.406666100025177,0.0,1.2047981023788452,0.9823783226263714,0.0004991543765289345,1748944054.7705033
331,0.1247740089893341,-0.32607799768447876,0.0,0.9678913950920105,0.9823783226263714,0.0004991518162082628,1748944054.8316197
332,0.13979846239089966,-0.3173409104347229,0.0,0.9176780581474304,0.9823783226263714,0.000499149255900724,1748944054.8932638
333,1.70563542842865,-0.2497834861278534,0.0,0.980391800403595,0.9823783226263714,0.0004991466956063176,1748944054.9549084
334,0.11524847894906998,-0.39840269088745117,0.0,0.9206597805023193,0.9823783226263714,0.0004991441353250438,1748944055.0133379
335,0.16721217334270477,-0.3615533113479614,0.0,1.193284511566162,0.9823783226263714,0.0004991415750569025,1748944055.071078
336,0.15327203273773193,-0.3699328303337097,0.0,1.2727487087249756,0.9823783226263714,0.0004991390148018937,1748944055.1317172
337,0.1497172713279724,-0.3515308201313019,0.0,0.9638608694076538,0.9823783226263714,0.0004991364545600172,1748944055.1939614
338,0.18863070011138916,-0.39395061135292053,0.0,1.1796290874481201,0.9823783226263714,0.000499133894331273,1748944055.2547252
339,0.11369394510984421,-0.42410582304000854,0.0,0.8582484126091003,0.9823783226263714,0.000499131334115661,1748944055.3135443
340,0.21475456655025482,-0.39786532521247864,0.0,1.170763373374939,0.9823783226263714,0.0004991287739131812,1748944055.375391
341,0.1611005812883377,-0.3886396288871765,0.0,1.0851317644119263,0.9823783226263714,0.0004991262137238335,1748944055.4386706
342,0.16283079981803894,-0.45765525102615356,0.0,1.2841075658798218,0.9823783226263714,0.0004991236535476178,1748944055.503986
343,0.11491532623767853,-0.49792033433914185,0.0,0.9472047090530396,0.9823783226263714,0.0004991210933845341,1748944055.5633094
344,0.18718449771404266,-0.4563986659049988,0.0,1.2595744132995605,0.9823783226263714,0.0004991185332345821,1748944055.6218278
345,0.17693671584129333,-0.5288159847259521,0.0,1.4797548055648804,0.9823783226263714,0.000499115973097762,1748944055.6808627
346,0.13595013320446014,-0.5209730863571167,0.0,1.029748558998108,0.9823783226263714,0.0004991134129740738,1748944055.740035
347,1.6759147644042969,-0.5517855286598206,0.0,0.9783256649971008,0.9823783226263714,0.0004991108528635172,1748944055.8038132
348,0.09969474375247955,-0.5623645186424255,0.0,0.9812261462211609,0.9823783226263714,0.0004991082927660922,1748944055.8637254
349,0.1504306048154831,-0.5808116793632507,0.0,1.3326542377471924,0.9823783226263714,0.0004991057326817988,1748944055.9224722
350,0.17541679739952087,-0.5812237858772278,0.0,1.2843173742294312,0.9823783226263714,0.0004991031726106368,1748944055.9816782
351,0.13949814438819885,-0.5611599683761597,0.0,1.0323669910430908,0.9823783226263714,0.0004991006125526062,1748944056.0445924
352,0.15463250875473022,-0.544320821762085,0.0,1.0027167797088623,0.9823783226263714,0.000499098052507707,1748944056.1051877
353,0.11787744611501694,-0.5407056212425232,0.0,1.0428519248962402,0.9823783226263714,0.0004990954924759391,1748944056.163658
354,0.13893327116966248,-0.5823062658309937,0.0,1.3035861253738403,0.9823783226263714,0.0004990929324573024,1748944056.2257154
355,0.13089656829833984,-0.5952440500259399,0.0,0.9985840320587158,0.9823783226263714,0.0004990903724517968,1748944056.2877
356,0.13896377384662628,-0.5804555416107178,0.0,1.1779760122299194,0.9823783226263714,0.0004990878124594223,1748944056.3469567
357,0.1316222846508026,-0.5658101439476013,0.0,0.9986609220504761,0.9823783226263714,0.0004990852524801788,1748944056.4041831
358,0.12227532267570496,-0.4158719778060913,0.0,0.8539897203445435,0.9823783226263714,0.0004990826925140663,1748944056.4637208
359,0.0927404910326004,-0.4341420531272888,0.0,0.9470175504684448,0.9823783226263714,0.0004990801325610847,1748944056.522583
360,0.10729441791772842,-0.423251211643219,0.0,0.8981359004974365,0.9823783226263714,0.0004990775726212339,1748944056.5817657
361,0.1352364420890808,-0.2969554662704468,0.0,0.9162684082984924,0.9823783226263714,0.0004990750126945137,1748944056.6453185
362,0.1897682547569275,-0.40465906262397766,0.0,1.2139886617660522,0.9823783226263714,0.0004990724527809242,1748944056.7053154
363,0.13744644820690155,-0.39192473888397217,0.0,1.0469557046890259,0.9823783226263714,0.0004990698928804654,1748944056.7670243
364,0.14145825803279877,-0.3787205219268799,0.0,0.8864758014678955,0.9823783226263714,0.0004990673329931371,1748944056.8301318
365,0.09923460334539413,-0.33311688899993896,0.0,0.8529602885246277,0.9823783226263714,0.0004990647731189393,1748944056.8881986
366,1.6894081830978394,-0.4358207881450653,0.0,0.8605129718780518,0.9823783226263714,0.000499062213257872,1748944056.9466226
367,0.16180968284606934,-0.35088402032852173,0.0,1.0720206499099731,0.9823783226263714,0.0004990596534099348,1748944057.0057602
368,0.1155962124466896,-0.2899699807167053,0.0,0.7529816627502441,0.9823783226263714,0.000499057093575128,1748944057.06799
369,1.653924822807312,-0.4268038272857666,0.0,0.9112775921821594,0.9823783226263714,0.0004990545337534515,1748944057.129234
370,0.1006447896361351,-0.3193202614784241,0.0,1.0509111881256104,0.9823783226263714,0.000499051973944905,1748944057.1903837
371,0.13830627501010895,-0.39847230911254883,0.0,0.9317132234573364,0.9823783226263714,0.0004990494141494886,1748944057.251145
372,0.10946515947580338,-0.34370657801628113,0.0,0.9517694711685181,0.9823783226263714,0.0004990468543672022,1748944057.3131742
373,0.14550402760505676,-0.42820829153060913,0.0,0.9343395233154297,0.9823783226263714,0.0004990442945980456,1748944057.3727732
374,0.12289908528327942,-0.3444880545139313,0.0,0.9328630566596985,0.9823783226263714,0.0004990417348420191,1748944057.4322798
375,0.10409136116504669,-0.3147945702075958,0.0,0.8394421935081482,0.9823783226263714,0.0004990391750991223,1748944057.4933653
376,0.09214388579130173,-0.30807971954345703,0.0,0.8199001550674438,0.9823783226263714,0.0004990366153693552,1748944057.554661
377,0.11703871935606003,-0.3605750799179077,0.0,0.878616213798523,0.9823783226263714,0.0004990340556527178,1748944057.6134202
378,0.07825826108455658,-0.3686631917953491,0.0,0.7165799140930176,0.9823783226263714,0.00049903149594921,1748944057.6717372
379,0.10700627416372299,-0.3231393098831177,0.0,0.8120043277740479,0.9823783226263714,0.0004990289362588316,1748944057.731046
380,0.09219975024461746,-0.3447040319442749,0.0,0.7922926545143127,0.9823783226263714,0.0004990263765815829,1748944057.7926428
381,1.6332333087921143,-0.3576816916465759,0.0,0.7411532998085022,0.9823783226263714,0.0004990238169174635,1748944057.8552086
382,0.12064342200756073,-0.31319451332092285,0.0,0.8358327746391296,0.9823783226263714,0.0004990212572664733,1748944057.9133842
383,0.1350979208946228,-0.4196698069572449,0.0,0.9904801845550537,0.9823783226263714,0.0004990186976286125,1748944057.9745266
384,0.10597556829452515,-0.41072556376457214,0.0,0.8144038319587708,0.9823783226263714,0.0004990161380038808,1748944058.036739
385,0.11306001245975494,-0.33101749420166016,0.0,0.83408522605896,0.9823783226263714,0.0004990135783922784,1748944058.0965483
386,0.06306570768356323,-0.4472927451133728,0.0,0.6147088408470154,0.9823783226263714,0.0004990110187938049,1748944058.155374
387,0.1055021584033966,-0.352841317653656,0.0,0.8888063430786133,0.9823783226263714,0.0004990084592084604,1748944058.2132068
388,0.10942362993955612,-0.38216036558151245,0.0,0.7980034351348877,0.9823783226263714,0.0004990058996362448,1748944058.2710254
389,0.12573105096817017,-0.39070719480514526,0.0,0.9046651124954224,0.9823783226263714,0.0004990033400771581,1748944058.3297226
390,0.09740966558456421,-0.5302569270133972,0.0,0.7518308162689209,0.9823783226263714,0.0004990007805312002,1748944058.3878078
391,1.6630219221115112,-0.45141729712486267,0.0,0.9552799463272095,0.9823783226263714,0.000498998220998371,1748944058.4466724
392,0.1466507911682129,-0.5155922174453735,0.0,1.150276780128479,0.9823783226263714,0.0004989956614786705,1748944058.5053508
393,0.0914316326379776,-0.3817375600337982,0.0,0.8830023407936096,0.9823783226263714,0.0004989931019720985,1748944058.5636876
394,0.08910102397203445,-0.4577168822288513,0.0,0.7563202381134033,0.9823783226263714,0.0004989905424786551,1748944058.622322
395,0.10712198913097382,-0.3970281481742859,0.0,0.7893504500389099,0.9823783226263714,0.0004989879829983401,1748944058.679709
396,0.08651499450206757,-0.45927202701568604,0.0,0.8178180456161499,0.9823783226263714,0.0004989854235311535,1748944058.7395244
397,0.18713778257369995,-0.44376206398010254,0.0,1.0640122890472412,0.9823783226263714,0.0004989828640770953,1748944058.803882
398,0.10157696902751923,-0.36781954765319824,0.0,0.790046215057373,0.9823783226263714,0.0004989803046361651,1748944058.863448
399,0.09582263231277466,-0.4204038679599762,0.0,0.8051388263702393,0.9823783226263714,0.0004989777452083634,1748944058.9236803
400,0.13619200885295868,-0.4768431782722473,0.0,0.8513879776000977,0.9823783226263714,0.0004989751857936896,1748944058.984459
401,0.13823415338993073,-0.42716068029403687,0.0,0.9569483399391174,0.9823783226263714,0.0004989726263921439,1748944059.046732
402,0.10565145313739777,-0.47673487663269043,0.0,0.80830317735672,0.9823783226263714,0.0004989700670037262,1748944059.10531
403,0.13073399662971497,-0.41193288564682007,0.0,0.7735733389854431,0.9823783226263714,0.0004989675076284364,1748944059.164125
404,0.10869144648313522,-0.48559921979904175,0.0,0.8359129428863525,0.9823783226263714,0.0004989649482662745,1748944059.2235024
405,0.0807725042104721,-0.4115406274795532,0.0,0.7394868731498718,0.9788934068300288,0.0004989623889172404,1748944059.2846236
406,0.09026314318180084,-0.48715299367904663,0.0,0.8247455358505249,0.9788934068300288,0.0004989598295813338,1748944059.3466568
407,0.09056344628334045,-0.40736299753189087,0.0,0.7837467789649963,0.9788934068300288,0.0004989572702585551,1748944059.4043155
408,0.12341576814651489,-0.4892066717147827,0.0,0.8583996295928955,0.9788934068300288,0.0004989547109489037,1748944059.4632928
409,0.11048772931098938,-0.5645461082458496,0.0,0.8273830413818359,0.9788934068300288,0.0004989521516523801,1748944059.5214434
410,1.661424160003662,-0.4985272288322449,0.0,0.9067003130912781,0.9788934068300288,0.0004989495923689838,1748944059.5801344
411,0.12332319468259811,-0.4447955787181854,0.0,0.9365341067314148,0.9788934068300288,0.0004989470330987149,1748944059.638621
412,0.10321027785539627,-0.398640900850296,0.0,0.8468881249427795,0.9788934068300288,0.0004989444738415733,1748944059.6966293
413,0.08434953540563583,-0.47137653827667236,0.0,0.7372281551361084,0.9788934068300288,0.0004989419145975589,1748944059.7546897
414,0.0736144483089447,-0.5040884017944336,0.0,0.6789798140525818,0.9788934068300288,0.0004989393553666716,1748944059.8136036
415,0.07620036602020264,-0.5439776182174683,0.0,0.6784275770187378,0.9788934068300288,0.0004989367961489116,1748944059.8735507
416,0.10331954061985016,-0.3937404155731201,0.0,0.9612956643104553,0.9788934068300288,0.0004989342369442786,1748944059.93456
417,0.11162066459655762,-0.39891642332077026,0.0,0.8734461665153503,0.9788934068300288,0.0004989316777527724,1748944059.9967263
418,0.09436001628637314,-0.4359252154827118,0.0,0.805908739566803,0.9788934068300288,0.0004989291185743932,1748944060.054269
419,0.0720386728644371,-0.5057876110076904,0.0,0.7623670101165771,0.9788934068300288,0.0004989265594091409,1748944060.113358
420,0.1021590381860733,-0.3769950270652771,0.0,0.6891284584999084,0.9788934068300288,0.0004989240002570153,1748944060.1734595
421,0.09803003072738647,-0.49406495690345764,0.0,0.7906655669212341,0.9788934068300288,0.0004989214411180164,1748944060.236542
422,0.09864901006221771,-0.4233994483947754,0.0,0.9511207342147827,0.9788934068300288,0.0004989188819921441,1748944060.2978683
423,0.08420385420322418,-0.47902044653892517,0.0,0.7357020974159241,0.9788934068300288,0.0004989163228793985,1748944060.3567286
424,0.09145517647266388,-0.40124475955963135,0.0,0.8370538353919983,0.9788934068300288,0.0004989137637797794,1748944060.4217834
425,0.10935942828655243,-0.49366503953933716,0.0,0.9578825235366821,0.9788934068300288,0.0004989112046932865,1748944060.4809403
426,0.10017862170934677,-0.4263067841529846,0.0,0.8453363180160522,0.9788934068300288,0.0004989086456199202,1748944060.5409024
427,0.13641081750392914,-0.3861463665962219,0.0,0.8796605467796326,0.9788934068300288,0.00049890608655968,1748944060.60373
428,0.11709728837013245,-0.3690294027328491,0.0,0.7856951951980591,0.9788934068300288,0.0004989035275125663,1748944060.663925
429,0.07998180389404297,-0.4568003714084625,0.0,0.7706124186515808,0.9788934068300288,0.0004989009684785785,1748944060.7226715
430,0.10322989523410797,-0.40945425629615784,0.0,0.7679417133331299,0.9788934068300288,0.0004988984094577169,1748944060.782442
431,0.06378082931041718,-0.4282776713371277,0.0,0.7078856229782104,0.9788934068300288,0.0004988958504499813,1748944060.845959
432,0.11063403636217117,-0.40426456928253174,0.0,0.7430934906005859,0.9788934068300288,0.0004988932914553717,1748944060.9054632
433,0.08790712058544159,-0.4041450023651123,0.0,0.7138053774833679,0.9788934068300288,0.000498890732473888,1748944060.9643538
434,0.11266277730464935,-0.3687583804130554,0.0,0.7299990057945251,0.9788934068300288,0.0004988881735055301,1748944061.0257719
435,0.07158948481082916,-0.4075748026371002,0.0,0.7432696223258972,0.9788934068300288,0.0004988856145502979,1748944061.087781
436,0.08941711485385895,-0.44643256068229675,0.0,0.7732730507850647,0.9788934068300288,0.0004988830556081915,1748944061.1482048
437,0.08845837414264679,-0.40313994884490967,0.0,0.5901710391044617,0.9788934068300288,0.0004988804966792107,1748944061.2091677
438,0.07410387694835663,-0.4446604549884796,0.0,0.7057549357414246,0.9788934068300288,0.0004988779377633555,1748944061.271692
439,0.1080731749534607,-0.4629903733730316,0.0,0.7656310796737671,0.9788934068300288,0.0004988753788606256,1748944061.3309364
440,0.10144554078578949,-0.40640223026275635,0.0,0.7012587189674377,0.9788934068300288,0.0004988728199710213,1748944061.3932846
441,1.643973469734192,-0.4002161920070648,0.0,0.7767840623855591,0.9788934068300288,0.0004988702610945423,1748944061.4546175
442,0.10706071555614471,-0.45067068934440613,0.0,0.7586340308189392,0.9788934068300288,0.0004988677022311885,1748944061.512615
443,0.1517084389925003,-0.41672420501708984,0.0,0.9793705940246582,0.9788934068300288,0.00049886514338096,1748944061.5727446
444,0.10638567805290222,-0.2995666265487671,0.0,0.8634962439537048,0.9788934068300288,0.0004988625845438567,1748944061.635603
445,0.1325046420097351,-0.505778968334198,0.0,0.8840191960334778,0.9788934068300288,0.0004988600257198784,1748944061.6951785
446,0.08903494477272034,-0.38598471879959106,0.0,0.7351824641227722,0.9788934068300288,0.0004988574669090251,1748944061.7546654
447,0.11450888216495514,-0.3695732355117798,0.0,0.8537306785583496,0.9788934068300288,0.000498854908111297,1748944061.8136044
448,0.09085157513618469,-0.4833706021308899,0.0,0.7485201358795166,0.9788934068300288,0.0004988523493266935,1748944061.8710668
449,0.08970154821872711,-0.35906368494033813,0.0,0.6706432104110718,0.9788934068300288,0.0004988497905552149,1748944061.930138
450,0.11503332108259201,-0.40426844358444214,0.0,0.7735306024551392,0.9788934068300288,0.0004988472317968611,1748944061.988541
451,0.12320946156978607,-0.39994490146636963,0.0,0.8331119418144226,0.9788934068300288,0.0004988446730516319,1748944062.04655
452,0.09877622127532959,-0.4107509255409241,0.0,0.7271445393562317,0.9788934068300288,0.0004988421143195274,1748944062.1044858
453,0.10980100929737091,-0.38533520698547363,0.0,0.8944910764694214,0.9788934068300288,0.0004988395556005473,1748944062.1630652
454,0.10699504613876343,-0.5055183172225952,0.0,0.7818459868431091,0.9788934068300288,0.0004988369968946918,1748944062.2230356
455,0.08768126368522644,-0.4288426339626312,0.0,0.6793771386146545,0.9788934068300288,0.0004988344382019607,1748944062.2857037
456,0.0906013548374176,-0.37049055099487305,0.0,0.76198810338974,0.9788934068300288,0.0004988318795223539,1748944062.3456879
457,1.641502857208252,-0.4353034496307373,0.0,0.704596221446991,0.9788934068300288,0.0004988293208558714,1748944062.4052458
458,0.06442629545927048,-0.40490028262138367,0.0,0.5682282447814941,0.9788934068300288,0.0004988267622025131,1748944062.4643555
459,0.09232127666473389,-0.38261157274246216,0.0,0.6739796996116638,0.9788934068300288,0.0004988242035622789,1748944062.525577
460,0.09628187119960785,-0.5776265859603882,0.0,0.7853952050209045,0.9788934068300288,0.000498821644935169,1748944062.5876353
461,0.11455975472927094,-0.3933357000350952,0.0,0.8211225271224976,0.9788934068300288,0.0004988190863211828,1748944062.6478274
462,0.09206037223339081,-0.4771258533000946,0.0,1.1325877904891968,0.9788934068300288,0.0004988165277203207,1748944062.7092211
463,0.09649991989135742,-0.527841329574585,0.0,0.7463032603263855,0.9788934068300288,0.0004988139691325825,1748944062.770189
464,0.07948459684848785,-0.40915220975875854,0.0,0.7011634111404419,0.9788934068300288,0.000498811410557968,1748944062.829661
465,0.10459332913160324,-0.3636247515678406,0.0,0.7266970276832581,0.9788934068300288,0.0004988088519964773,1748944062.888843
466,0.1020238995552063,-0.4572550058364868,0.0,0.7613746523857117,0.9788934068300288,0.0004988062934481103,1748944062.9481006
467,0.0971902459859848,-0.39616528153419495,0.0,0.7331560850143433,0.9788934068300288,0.0004988037349128668,1748944063.0090203
468,0.05868327617645264,-0.4148132801055908,0.0,0.5834632515907288,0.9788934068300288,0.000498801176390747,1748944063.071277
469,0.08431239426136017,-0.43608754873275757,0.0,0.7209400534629822,0.9788934068300288,0.0004987986178817505,1748944063.130885
470,0.06846483051776886,-0.4511096477508545,0.0,0.6451268792152405,0.9788934068300288,0.0004987960593858775,1748944063.1907685
471,0.06699562072753906,-0.5072136521339417,0.0,0.6710386872291565,0.9788934068300288,0.0004987935009031278,1748944063.2536783
472,0.07593616098165512,-0.3763732314109802,0.0,0.6951137185096741,0.9788934068300288,0.0004987909424335014,1748944063.313819
473,0.06739456206560135,-0.40451478958129883,0.0,0.6620933413505554,0.9788934068300288,0.0004987883839769982,1748944063.372207
474,0.07979239523410797,-0.5232977867126465,0.0,0.6447010040283203,0.9788934068300288,0.0004987858255336181,1748944063.4297373
475,1.625736117362976,-0.49723419547080994,0.0,0.8853527307510376,0.9788934068300288,0.0004987832671033611,1748944063.4888015
476,0.07155172526836395,-0.496188759803772,0.0,0.6565927267074585,0.9788934068300288,0.0004987807086862271,1748944063.549686
477,1.640616774559021,-0.5797399282455444,0.0,0.7666024565696716,0.9788934068300288,0.000498778150282216,1748944063.6113286
478,0.081936314702034,-0.4409126043319702,0.0,0.5906087756156921,0.9788934068300288,0.0004987755918913277,1748944063.67113
479,0.07998412847518921,-0.4591384530067444,0.0,0.6577110290527344,0.9788934068300288,0.0004987730335135622,1748944063.7297845
480,0.08668363094329834,-0.5292110443115234,0.0,0.9391244649887085,0.9788934068300288,0.0004987704751489196,1748944063.7896268
481,0.08696743845939636,-0.48350051045417786,0.0,0.7834803462028503,0.9788934068300288,0.0004987679167973995,1748944063.8514626
482,0.1111806333065033,-0.5220131874084473,0.0,0.893616795539856,0.9788934068300288,0.0004987653584590021,1748944063.9128478
483,0.0721917450428009,-0.4795362055301666,0.0,0.609920859336853,0.9788934068300288,0.0004987628001337271,1748944063.9728668
484,0.09466002881526947,-0.5846498012542725,0.0,0.8592240810394287,0.9788934068300288,0.0004987602418215747,1748944064.0341744
485,0.08007996529340744,-0.4310104250907898,0.0,0.669599175453186,0.9788934068300288,0.0004987576835225446,1748944064.096778
486,0.08614280074834824,-0.4565100371837616,0.0,0.6816882491111755,0.9788934068300288,0.000498755125236637,1748944064.155437
487,0.05617901310324669,-0.4697210192680359,0.0,0.5072981715202332,0.9788934068300288,0.0004987525669638514,1748944064.2136786
488,0.0896567776799202,-0.4494194984436035,0.0,0.6149761080741882,0.9788934068300288,0.0004987500087041881,1748944064.2723305
489,0.06609153002500534,-0.4145891070365906,0.0,0.5987808704376221,0.9788934068300288,0.0004987474504576469,1748944064.3318036
490,0.08200489729642868,-0.40247106552124023,0.0,0.6539862751960754,0.9788934068300288,0.0004987448922242278,1748944064.394892
491,0.059065960347652435,-0.4673408269882202,0.0,0.5621041059494019,0.9788934068300288,0.0004987423340039307,1748944064.4542596
492,0.07653307169675827,-0.4091416597366333,0.0,0.7677746415138245,0.9788934068300288,0.0004987397757967554,1748944064.5135994
493,0.05561649054288864,-0.3434159755706787,0.0,0.5016555190086365,0.9788934068300288,0.0004987372176027021,1748944064.5722387
494,0.07327315211296082,-0.4676755368709564,0.0,0.6942726969718933,0.9788934068300288,0.0004987346594217706,1748944064.6344566
495,0.06433679163455963,-0.39066004753112793,0.0,0.5470864176750183,0.9788934068300288,0.0004987321012539607,1748944064.6950908
496,0.08294212073087692,-0.42188847064971924,0.0,0.6701999306678772,0.9788934068300288,0.0004987295430992725,1748944064.7556863
497,0.0647481232881546,-0.5018777251243591,0.0,0.6687249541282654,0.9788934068300288,0.0004987269849577059,1748944064.8136039
498,0.06489897519350052,-0.3803858458995819,0.0,0.6104103326797485,0.9788934068300288,0.0004987244268292608,1748944064.8727076
499,0.10343037545681,-0.3454132676124573,0.0,0.6819708347320557,0.9788934068300288,0.0004987218687139372,1748944064.9343998
500,0.08616466075181961,-0.3838420510292053,0.0,0.6887395977973938,0.9788934068300288,0.0004987193106117349,1748944064.9955733
501,0.054206546396017075,-0.35883238911628723,0.0,0.7424578666687012,0.9788934068300288,0.000498716752522654,1748944065.0554552
502,0.045605458319187164,-0.36699479818344116,0.0,0.752036452293396,0.9788934068300288,0.0004987141944466942,1748944065.1197042
503,0.049497514963150024,-0.3665969967842102,0.0,0.6925240159034729,0.9788934068300288,0.0004987116363838556,1748944065.180639
504,0.06506089866161346,-0.49923673272132874,0.0,1.0472463369369507,0.9788934068300288,0.0004987090783341383,1748944065.2387025
505,0.04833093658089638,-0.40560632944107056,0.0,0.7689414620399475,0.9788934068300288,0.0004987065202975419,1748944065.3030753
506,0.04826638847589493,-0.40967538952827454,0.0,0.6680111289024353,0.9788934068300288,0.0004987039622740666,1748944065.3626752
507,0.0625375285744667,-0.5327110290527344,0.0,0.8317195177078247,0.9788934068300288,0.0004987014042637121,1748944065.422588
508,0.05273229628801346,-0.47612816095352173,0.0,0.6692906022071838,0.9788934068300288,0.0004986988462664784,1748944065.4842353
509,0.06006641685962677,-0.44796788692474365,0.0,0.7372391819953918,0.9788934068300288,0.0004986962882823656,1748944065.5452569
510,0.06422165036201477,-0.4897266626358032,0.0,0.8021974563598633,0.9788934068300288,0.0004986937303113735,1748944065.6053157
511,0.04236442595720291,-0.5340826511383057,0.0,0.5925249457359314,0.9788934068300288,0.000498691172353502,1748944065.6636524
512,0.04519469663500786,-0.514846682548523,0.0,0.6238524913787842,0.9788934068300288,0.000498688614408751,1748944065.7254434
513,1.5936648845672607,-0.6462736129760742,0.0,0.6528113484382629,0.9788934068300288,0.0004986860564771206,1748944065.787754
514,0.042802564799785614,-0.4961507022380829,0.0,0.4984673857688904,0.9788934068300288,0.0004986834985586106,1748944065.8466303
515,0.03967130929231644,-0.5865168571472168,0.0,0.6859309077262878,0.9788934068300288,0.000498680940653221,1748944065.9049985
516,0.04004289209842682,-0.5031102299690247,0.0,0.5368814468383789,0.9788934068300288,0.0004986783827609517,1748944065.963899
517,1.5920917987823486,-0.440597802400589,0.0,0.48430517315864563,0.9788934068300288,0.0004986758248818027,1748944066.0224915
518,0.04042905569076538,-0.46516865491867065,0.0,0.44410836696624756,0.9788934068300288,0.0004986732670157738,1748944066.0803902
519,0.045721642673015594,-0.5556718111038208,0.0,0.5716475248336792,0.9788934068300288,0.000498670709162865,1748944066.1466184
520,0.05220124498009682,-0.48010414838790894,0.0,0.4913749396800995,0.9788934068300288,0.0004986681513230762,1748944066.2053516
521,0.04596402496099472,-0.5466076135635376,0.0,0.6756547689437866,0.9788934068300288,0.0004986655934964075,1748944066.264442
522,0.04629278928041458,-0.5055180191993713,0.0,0.6960344314575195,0.9788934068300288,0.0004986630356828586,1748944066.3266578
523,0.04082003980875015,-0.5006842017173767,0.0,0.47041431069374084,0.9788934068300288,0.0004986604778824295,1748944066.387998
524,0.032456688582897186,-0.5675938129425049,0.0,0.4714440405368805,0.9788934068300288,0.0004986579200951203,1748944066.446707
525,0.0515483021736145,-0.441948264837265,0.0,0.5150720477104187,0.9788934068300288,0.0004986553623209307,1748944066.504652
526,0.04396604374051094,-0.4693194329738617,0.0,0.594819188117981,0.9788934068300288,0.0004986528045598608,1748944066.5642421
527,0.03912118449807167,-0.5215001106262207,0.0,0.5202719569206238,0.9788934068300288,0.0004986502468119104,1748944066.6259267
528,0.04314403235912323,-0.5159817934036255,0.0,0.5452704429626465,0.9788934068300288,0.0004986476890770795,1748944066.6882915
529,0.030827883630990982,-0.6463342905044556,0.0,0.5231797695159912,0.9788934068300288,0.0004986451313553681,1748944066.7477493
530,0.04716905206441879,-0.574384331703186,0.0,0.5796354413032532,0.9788934068300288,0.000498642573646776,1748944066.8102334
531,0.057413022965192795,-0.4770474433898926,0.0,0.6627418398857117,0.9788934068300288,0.0004986400159513032,1748944066.8713503
532,1.5824981927871704,-0.4751688539981842,0.0,0.42804884910583496,0.9788934068300288,0.0004986374582689497,1748944066.9299226
533,0.03990737348794937,-0.542617678642273,0.0,0.46063774824142456,0.9788934068300288,0.0004986349005997153,1748944066.9886813
534,0.042120061814785004,-0.5031461715698242,0.0,0.5569764375686646,0.9788934068300288,0.0004986323429435999,1748944067.0468037
535,0.038169555366039276,-0.592744767665863,0.0,0.51328045129776,0.9788934068300288,0.0004986297853006037,1748944067.1066434
536,0.04444565251469612,-0.5300185680389404,0.0,0.7286896109580994,0.9788934068300288,0.0004986272276707264,1748944067.1676788
537,0.03099292889237404,-0.5378052592277527,0.0,0.4723111093044281,0.9788934068300288,0.000498624670053968,1748944067.22918
538,0.047753140330314636,-0.46838849782943726,0.0,0.5597525835037231,0.9788934068300288,0.0004986221124503283,1748944067.2882118
539,1.5930136442184448,-0.5872703194618225,0.0,0.507251501083374,0.9788934068300288,0.0004986195548598076,1748944067.3475814
540,0.04436253011226654,-0.5037851333618164,0.0,0.5371820330619812,0.9788934068300288,0.0004986169972824054,1748944067.409615
541,0.044923167675733566,-0.5265753269195557,0.0,0.5931946039199829,0.9788934068300288,0.0004986144397181219,1748944067.4709394
542,0.05267796665430069,-0.4854413568973541,0.0,0.5441157221794128,0.9788934068300288,0.0004986118821669568,1748944067.5300887
543,0.035377055406570435,-0.5360822677612305,0.0,0.5162050127983093,0.9788934068300288,0.0004986093246289104,1748944067.5882504
544,0.037010155618190765,-0.5077186822891235,0.0,0.47164249420166016,0.9788934068300288,0.0004986067671039823,1748944067.6470044
545,0.038192860782146454,-0.5234678983688354,0.0,0.5480934381484985,0.9788934068300288,0.0004986042095921726,1748944067.7071514
546,0.02857126295566559,-0.4775691032409668,0.0,0.41762691736221313,0.9788934068300288,0.0004986016520934812,1748944067.7682927
547,0.035722870379686356,-0.519202470779419,0.0,0.4968112111091614,0.9788934068300288,0.0004985990946079081,1748944067.8301091
548,0.03617038205265999,-0.496173232793808,0.0,0.4501035213470459,0.9788934068300288,0.000498596537135453,1748944067.8888805
549,0.053585778921842575,-0.5888643264770508,0.0,0.7285674810409546,0.9788934068300288,0.000498593979676116,1748944067.9478185
550,0.03377430886030197,-0.46847084164619446,0.0,0.503836989402771,0.9788934068300288,0.000498591422229897,1748944068.0097473
551,0.03791266307234764,-0.561620831489563,0.0,0.39004623889923096,0.9788934068300288,0.0004985888647967961,1748944068.0714188
552,0.04333514720201492,-0.5152941942214966,0.0,0.49977731704711914,0.9788934068300288,0.000498586307376813,1748944068.1309886
553,0.04673795402050018,-0.4373182952404022,0.0,0.43006640672683716,0.9788934068300288,0.0004985837499699477,1748944068.1931572
554,0.04546118527650833,-0.5157548189163208,0.0,0.5196352601051331,0.9788934068300288,0.0004985811925762001,1748944068.2549715
555,0.03778351470828056,-0.606857419013977,0.0,0.4401869475841522,0.9788934068300288,0.0004985786351955703,1748944068.313651
556,0.04938641935586929,-0.5193576216697693,0.0,0.5359694957733154,0.9788934068300288,0.000498576077828058,1748944068.3739672
557,0.03734033554792404,-0.5610354542732239,0.0,0.45868927240371704,0.9788934068300288,0.0004985735204736633,1748944068.4387558
558,0.029593823477625847,-0.6293274164199829,0.0,0.4656502902507782,0.9788934068300288,0.0004985709631323862,1748944068.4952228
559,0.031032465398311615,-0.5369278192520142,0.0,0.3951077461242676,0.9788934068300288,0.0004985684058042263,1748944068.5554173
560,0.03316326439380646,-0.5146266222000122,0.0,0.49919581413269043,0.9788934068300288,0.0004985658484891838,1748944068.6132936
561,0.03586244955658913,-0.5513073205947876,0.0,0.411934494972229,0.9788934068300288,0.0004985632911872587,1748944068.6720054
562,0.04481370374560356,-0.49530255794525146,0.0,0.5600709319114685,0.9788934068300288,0.0004985607338984507,1748944068.729956
563,0.03490530699491501,-0.5457170605659485,0.0,0.38741281628608704,0.9788934068300288,0.0004985581766227599,1748944068.7900038
564,0.032758571207523346,-0.590096652507782,0.0,0.4357021450996399,0.9788934068300288,0.0004985556193601861,1748944068.8496685
565,0.052827514708042145,-0.5545979738235474,0.0,0.6043368577957153,0.9788934068300288,0.0004985530621107294,1748944068.9096208
566,0.037343502044677734,-0.5021725296974182,0.0,0.4174591600894928,0.9788934068300288,0.0004985505048743895,1748944068.972049
567,0.04100281000137329,-0.5932245254516602,0.0,0.4604155719280243,0.9788934068300288,0.0004985479476511666,1748944069.0314877
568,0.031505994498729706,-0.5287761688232422,0.0,0.4327252209186554,0.9788934068300288,0.0004985453904410605,1748944069.0969574
569,0.0511908233165741,-0.49399450421333313,0.0,0.5739665627479553,0.9788934068300288,0.0004985428332440711,1748944069.1551135
570,0.03274933621287346,-0.5283482074737549,0.0,0.4243025481700897,0.9788934068300288,0.0004985402760601984,1748944069.2133532
571,0.0450037382543087,-0.561181902885437,0.0,0.7083778977394104,0.9788934068300288,0.0004985377188894423,1748944069.2719526
572,0.025599287822842598,-0.5009269714355469,0.0,0.3866562247276306,0.9788934068300288,0.0004985351617318027,1748944069.329788
573,0.03921939805150032,-0.531632125377655,0.0,0.49716269969940186,0.9788934068300288,0.0004985326045872796,1748944069.3881257
574,0.042120158672332764,-0.5304460525512695,0.0,0.5676363110542297,0.9788934068300288,0.0004985300474558728,1748944069.4489362
575,0.04251151159405708,-0.5097522139549255,0.0,0.5506365299224854,0.9788934068300288,0.0004985274903375825,1748944069.509624
576,0.03127449378371239,-0.5291138887405396,0.0,0.5504404306411743,0.9788934068300288,0.0004985249332324084,1748944069.5725358
577,0.03198712691664696,-0.5512384176254272,0.0,0.4224357008934021,0.9788934068300288,0.0004985223761403506,1748944069.6336942
578,0.032345861196517944,-0.38836342096328735,0.0,0.44201770424842834,0.9788934068300288,0.0004985198190614088,1748944069.695683
579,0.047358863055706024,-0.5185239911079407,0.0,0.6969653367996216,0.9788934068300288,0.0004985172619955831,1748944069.7550852
580,0.03351345285773277,-0.49152785539627075,0.0,0.4835672676563263,0.9788934068300288,0.0004985147049428734,1748944069.8130395
581,0.041627299040555954,-0.4271407127380371,0.0,0.5273720622062683,0.9788934068300288,0.0004985121479032797,1748944069.8706253
582,0.04094559699296951,-0.545465886592865,0.0,0.462944358587265,0.9788934068300288,0.0004985095908768018,1748944069.9305596
583,0.02494330145418644,-0.5355229377746582,0.0,0.402911514043808,0.9788934068300288,0.0004985070338634396,1748944069.987913
584,0.04385434463620186,-0.574402928352356,0.0,0.5563232898712158,0.9788934068300288,0.0004985044768631932,1748944070.0458095
585,0.047555990517139435,-0.6162382364273071,0.0,0.5427511930465698,0.9788934068300288,0.0004985019198760626,1748944070.1052434
586,1.5853698253631592,-0.5785495042800903,0.0,0.6362510919570923,0.9788934068300288,0.0004984993629020474,1748944070.1624966
587,0.035124458372592926,-0.5595750212669373,0.0,0.45084235072135925,0.9788934068300288,0.0004984968059411479,1748944070.2211971
588,0.035666368901729584,-0.5502241849899292,0.0,0.43233293294906616,0.9788934068300288,0.0004984942489933637,1748944070.279895
589,1.5873340368270874,-0.4914438724517822,0.0,0.5845952033996582,0.9788934068300288,0.0004984916920586951,1748944070.3376284
590,0.030963854864239693,-0.5869702100753784,0.0,0.4813387393951416,0.9788934068300288,0.0004984891351371417,1748944070.396891
591,0.04040820151567459,-0.5210471749305725,0.0,0.4571927487850189,0.9788934068300288,0.0004984865782287035,1748944070.4547365
592,0.03295118361711502,-0.5809564590454102,0.0,0.534503161907196,0.9788934068300288,0.0004984840213333806,1748944070.5127516
593,0.05438525229692459,-0.4945472180843353,0.0,0.5110889077186584,0.9788934068300288,0.0004984814644511728,1748944070.571635
594,0.0382700189948082,-0.5471377372741699,0.0,0.5951506495475769,0.9788934068300288,0.00049847890758208,1748944070.6295838
595,0.0332091860473156,-0.5403329730033875,0.0,0.4848170578479767,0.9788934068300288,0.0004984763507261022,1748944070.6878836
596,0.04972333088517189,-0.5139811038970947,0.0,0.4808761477470398,0.9788934068300288,0.0004984737938832393,1748944070.7468164
597,0.03458159789443016,-0.6232810616493225,0.0,0.4345878064632416,0.9788934068300288,0.0004984712370534913,1748944070.8044627
598,0.04111805558204651,-0.6323295831680298,0.0,0.5100890398025513,0.9788934068300288,0.0004984686802368581,1748944070.8634508
599,0.030096661299467087,-0.5504056811332703,0.0,0.3668673634529114,0.9788934068300288,0.0004984661234333396,1748944070.9217007
600,0.03084394708275795,-0.5592867136001587,0.0,0.4612872004508972,0.9788934068300288,0.0004984635666429358,1748944070.9798567
601,0.03250747174024582,-0.3847586512565613,0.0,0.3968620300292969,0.9788934068300288,0.0004984610098656466,1748944071.0433545
602,0.03608723729848862,-0.648632824420929,0.0,0.5865826606750488,0.9788934068300288,0.0004984584531014718,1748944071.104375
603,0.04424503073096275,-0.5502983331680298,0.0,0.4864605665206909,0.9788934068300288,0.0004984558963504115,1748944071.1632001
604,0.037178728729486465,-0.5292345285415649,0.0,0.4063778221607208,0.9788934068300288,0.0004984533396124657,1748944071.220684
605,0.03344723582267761,-0.5215786099433899,0.0,0.4497103691101074,0.9754215164739103,0.0004984507828876342,1748944071.2823586
606,0.030876558274030685,-0.529232382774353,0.0,0.6819431185722351,0.9754215164739103,0.0004984482261759168,1748944071.3410442
607,0.04162747412919998,-0.6733989715576172,0.0,0.6403058767318726,0.9754215164739103,0.0004984456694773137,1748944071.4040205
608,0.028952278196811676,-0.5974186658859253,0.0,0.5160410404205322,0.9754215164739103,0.0004984431127918246,1748944071.4625607
609,0.03308331221342087,-0.39621859788894653,0.0,0.44033563137054443,0.9754215164739103,0.0004984405561194497,1748944071.5218394
610,0.03556918352842331,-0.4936414062976837,0.0,0.47751015424728394,0.9754215164739103,0.0004984379994601887,1748944071.5808172
611,0.035044897347688675,-0.5121889114379883,0.0,0.49584561586380005,0.9754215164739103,0.0004984354428140416,1748944071.640049
612,0.035055287182331085,-0.43380555510520935,0.0,0.40434151887893677,0.9754215164739103,0.0004984328861810084,1748944071.7040436
613,0.036391258239746094,-0.3901210427284241,0.0,0.44929394125938416,0.9754215164739103,0.0004984303295610889,1748944071.763515
614,0.049539439380168915,-0.5116715431213379,0.0,0.6258763670921326,0.9754215164739103,0.0004984277729542831,1748944071.8220937
615,0.04608748108148575,-0.40096306800842285,0.0,0.7432629466056824,0.9754215164739103,0.000498425216360591,1748944071.8790815
616,0.03178500384092331,-0.5916930437088013,0.0,0.529752254486084,0.9754215164739103,0.0004984226597800125,1748944071.9399238
617,0.03240034729242325,-0.48731356859207153,0.0,0.403921902179718,0.9754215164739103,0.0004984201032125475,1748944072.0048957
618,0.03253553807735443,-0.6135729551315308,0.0,0.4683411419391632,0.9754215164739103,0.000498417546658196,1748944072.062756
619,0.03198520094156265,-0.4691252112388611,0.0,0.4166456460952759,0.9754215164739103,0.0004984149901169578,1748944072.1220992
620,0.029378022998571396,-0.5109894871711731,0.0,0.4415009617805481,0.9754215164739103,0.0004984124335888329,1748944072.1833174
621,0.03354469686746597,-0.5504251718521118,0.0,0.45441296696662903,0.9754215164739103,0.0004984098770738212,1748944072.2431686
622,0.020441865548491478,-0.4484460651874542,0.0,0.3096165657043457,0.9754215164739103,0.0004984073205719228,1748944072.3040426
623,0.03811118006706238,-0.476646363735199,0.0,0.7103230953216553,0.9754215164739103,0.0004984047640831374,1748944072.363982
624,0.040462151169776917,-0.5873773097991943,0.0,0.6072618961334229,0.9754215164739103,0.0004984022076074651,1748944072.4225066
625,0.04678800702095032,-0.526505708694458,0.0,0.685735285282135,0.9754215164739103,0.0004983996511449057,1748944072.4845119
626,0.027148140594363213,-0.4740186333656311,0.0,0.4473668932914734,0.9754215164739103,0.0004983970946954593,1748944072.5452092
627,0.027822580188512802,-0.5338465571403503,0.0,0.594119131565094,0.9754215164739103,0.0004983945382591257,1748944072.6051288
628,0.039777323603630066,-0.5120962262153625,0.0,0.36352622509002686,0.9754215164739103,0.0004983919818359049,1748944072.6636236
629,0.031167082488536835,-0.518549919128418,0.0,0.4314575493335724,0.9754215164739103,0.0004983894254257967,1748944072.7229352
630,0.031852930784225464,-0.45123860239982605,0.0,0.4517906904220581,0.9754215164739103,0.0004983868690288013,1748944072.783322
631,0.03591582924127579,-0.4679514169692993,0.0,0.4268275499343872,0.9754215164739103,0.0004983843126449184,1748944072.8454406
632,0.026149924844503403,-0.49031227827072144,0.0,0.38015633821487427,0.9754215164739103,0.0004983817562741479,1748944072.9050238
633,0.03140810877084732,-0.4310240149497986,0.0,0.5347583293914795,0.9754215164739103,0.0004983791999164899,1748944072.9639018
634,1.57981276512146,-0.5891925096511841,0.0,0.4101671278476715,0.9754215164739103,0.0004983766435719442,1748944073.0214114
635,0.03923525661230087,-0.5655414462089539,0.0,0.5489439368247986,0.9754215164739103,0.0004983740872405109,1748944073.0797374
636,0.036301616579294205,-0.46280109882354736,0.0,0.47372230887413025,0.9754215164739103,0.00049837153092219,1748944073.137967
637,0.023876136168837547,-0.49227818846702576,0.0,0.35198816657066345,0.9754215164739103,0.000498368974616981,1748944073.1970155
638,0.022233176976442337,-0.5075596570968628,0.0,0.3666839301586151,0.9754215164739103,0.0004983664183248842,1748944073.2553127
639,0.030719200149178505,-0.5929239392280579,0.0,0.4066048860549927,0.9754215164739103,0.0004983638620458993,1748944073.313362
640,0.03445585444569588,-0.5448085069656372,0.0,0.5026451945304871,0.9754215164739103,0.0004983613057800265,1748944073.3725646
641,0.039310455322265625,-0.5550902485847473,0.0,0.6243793964385986,0.9754215164739103,0.0004983587495272655,1748944073.4309096
642,0.026820410043001175,-0.6078330278396606,0.0,0.40012210607528687,0.9754215164739103,0.0004983561932876164,1748944073.4920366
643,1.5781759023666382,-0.4227779507637024,0.0,0.4459487795829773,0.9754215164739103,0.0004983536370610791,1748944073.554837
644,0.036357760429382324,-0.5533511638641357,0.0,0.4700791537761688,0.9754215164739103,0.0004983510808476535,1748944073.6134636
645,0.03418345749378204,-0.5162739157676697,0.0,0.4827995300292969,0.9754215164739103,0.0004983485246473395,1748944073.6719456
646,0.04271291568875313,-0.6838321089744568,0.0,0.5424262881278992,0.9754215164739103,0.0004983459684601369,1748944073.7298677
647,0.036546461284160614,-0.5122499465942383,0.0,0.42876148223876953,0.9754215164739103,0.0004983434122860461,1748944073.7879057
648,0.026093650609254837,-0.5858302712440491,0.0,0.36432358622550964,0.9754215164739103,0.0004983408561250665,1748944073.8468852
649,0.023299288004636765,-0.4911308288574219,0.0,0.37936893105506897,0.9754215164739103,0.0004983382999771982,1748944073.9042058
650,0.026086172088980675,-0.46558231115341187,0.0,0.417189359664917,0.9754215164739103,0.0004983357438424413,1748944073.9630327
651,0.04166492074728012,-0.5241932272911072,0.0,0.5453250408172607,0.9754215164739103,0.0004983331877207956,1748944074.0209553
652,0.03196791186928749,-0.6094943881034851,0.0,0.5008213520050049,0.9754215164739103,0.0004983306316122611,1748944074.0801024
653,0.03390990570187569,-0.635648787021637,0.0,0.49133265018463135,0.9754215164739103,0.0004983280755168377,1748944074.137841
654,0.04477250948548317,-0.7288419604301453,0.0,0.6025924682617188,0.9754215164739103,0.0004983255194345253,1748944074.1976247
655,0.0394621267914772,-0.4775310754776001,0.0,0.49426624178886414,0.9754215164739103,0.0004983229633653239,1748944074.2606204
656,0.03788737952709198,-0.6346759796142578,0.0,0.5721288919448853,0.9754215164739103,0.0004983204073092333,1748944074.3213406
657,0.022343134507536888,-0.46227431297302246,0.0,0.3437459468841553,0.9754215164739103,0.0004983178512662535,1748944074.3798113
658,0.029536744579672813,-0.5339296460151672,0.0,0.40987783670425415,0.9754215164739103,0.0004983152952363845,1748944074.438893
659,0.03313951566815376,-0.5802432298660278,0.0,0.367485374212265,0.9754215164739103,0.0004983127392196263,1748944074.502153
660,0.025260891765356064,-0.5060501098632812,0.0,0.5223417282104492,0.9754215164739103,0.0004983101832159786,1748944074.5631063
661,0.02554592862725258,-0.42136338353157043,0.0,0.37782472372055054,0.9754215164739103,0.0004983076272254414,1748944074.621502
662,0.024756867438554764,-0.47757744789123535,0.0,0.32612279057502747,0.9754215164739103,0.0004983050712480148,1748944074.6811528
663,0.030964363366365433,-0.5422005653381348,0.0,0.333638459444046,0.9754215164739103,0.0004983025152836986,1748944074.7431915
664,0.03184344619512558,-0.4464024007320404,0.0,0.3739245533943176,0.9754215164739103,0.0004982999593324927,1748944074.8041587
665,0.03318484127521515,-0.4955657720565796,0.0,0.36560750007629395,0.9754215164739103,0.0004982974033943971,1748944074.8651156
666,0.02384968474507332,-0.4246786832809448,0.0,0.33337053656578064,0.9754215164739103,0.0004982948474694116,1748944074.9277604
667,0.027365779504179955,-0.4965428411960602,0.0,0.39944735169410706,0.9754215164739103,0.0004982922915575364,1748944074.9886317
668,0.02471301145851612,-0.34607887268066406,0.0,0.37614965438842773,0.9754215164739103,0.0004982897356587713,1748944075.04693
669,0.030467413365840912,-0.4643181562423706,0.0,0.3848951458930969,0.9754215164739103,0.0004982871797731161,1748944075.1051655
670,0.02879553847014904,-0.458802729845047,0.0,0.4662685692310333,0.9754215164739103,0.000498284623900571,1748944075.1632817
671,0.024021904915571213,-0.4521518349647522,0.0,0.3072561025619507,0.9754215164739103,0.0004982820680411356,1748944075.2220397
672,0.03478073328733444,-0.43825989961624146,0.0,0.4425026476383209,0.9754215164739103,0.0004982795121948101,1748944075.2797265
673,0.028369702398777008,-0.5097813606262207,0.0,0.4286532998085022,0.9754215164739103,0.0004982769563615943,1748944075.338754
674,0.03247547149658203,-0.5118866562843323,0.0,0.4420910179615021,0.9754215164739103,0.0004982744005414882,1748944075.3960042
675,0.030936233699321747,-0.563245415687561,0.0,0.44860392808914185,0.9754215164739103,0.0004982718447344917,1748944075.4552765
676,0.024723190814256668,-0.4280802309513092,0.0,0.33758655190467834,0.9754215164739103,0.0004982692889406048,1748944075.513579
677,0.03991733491420746,-0.48386669158935547,0.0,0.43269649147987366,0.9754215164739103,0.0004982667331598274,1748944075.5719693
678,0.026589155197143555,-0.4618418514728546,0.0,0.3595621883869171,0.9754215164739103,0.0004982641773921593,1748944075.6320271
679,0.0393221452832222,-0.6018680334091187,0.0,0.6228910088539124,0.9754215164739103,0.0004982616216376006,1748944075.6966789
680,0.03498169779777527,-0.4530453681945801,0.0,0.4445953667163849,0.9754215164739103,0.0004982590658961511,1748944075.7548275
681,0.02476349100470543,-0.464160680770874,0.0,0.37809187173843384,0.9754215164739103,0.0004982565101678109,1748944075.8129
682,0.02341548725962639,-0.5709855556488037,0.0,0.36432456970214844,0.9754215164739103,0.0004982539544525798,1748944075.871826
683,0.03289211541414261,-0.6286512613296509,0.0,0.4834330081939697,0.9754215164739103,0.0004982513987504578,1748944075.9308732
684,0.023347025737166405,-0.5961483716964722,0.0,0.3512818515300751,0.9754215164739103,0.0004982488430614447,1748944075.9905725
685,0.02774995006620884,-0.4537137746810913,0.0,0.512350857257843,0.9754215164739103,0.0004982462873855406,1748944076.05291
686,0.02966080978512764,-0.5092445611953735,0.0,0.36003217101097107,0.9754215164739103,0.0004982437317227454,1748944076.1125998
687,0.04161910340189934,-0.3431657552719116,0.0,0.41502314805984497,0.9754215164739103,0.000498241176073059,1748944076.1706967
688,0.02980809286236763,-0.4094473123550415,0.0,0.38292062282562256,0.9754215164739103,0.0004982386204364814,1748944076.2297757
689,0.036658305674791336,-0.5462098717689514,0.0,0.5640624165534973,0.9754215164739103,0.0004982360648130124,1748944076.2876213
690,0.023035723716020584,-0.4251643717288971,0.0,0.3515119254589081,0.9754215164739103,0.000498233509202652,1748944076.3479652
691,0.04357336461544037,-0.4896118640899658,0.0,0.454740971326828,0.9754215164739103,0.0004982309536054,1748944076.4100893
692,0.04236464574933052,-0.4631161689758301,0.0,0.5017241835594177,0.9754215164739103,0.0004982283980212567,1748944076.4728775
693,0.02869621478021145,-0.5070372819900513,0.0,0.41017967462539673,0.9754215164739103,0.0004982258424502217,1748944076.5320287
694,0.03452301025390625,-0.4851346015930176,0.0,0.5306151509284973,0.9754215164739103,0.000498223286892295,1748944076.596757
695,0.03784557431936264,-0.413678914308548,0.0,0.47078457474708557,0.9754215164739103,0.0004982207313474766,1748944076.6547775
696,0.026662049815058708,-0.4885888397693634,0.0,0.3082447350025177,0.9754215164739103,0.0004982181758157664,1748944076.7132964
697,0.029114779084920883,-0.5058708786964417,0.0,0.4441646635532379,0.9754215164739103,0.0004982156202971643,1748944076.772241
698,0.031110644340515137,-0.6567597985267639,0.0,0.4598728120326996,0.9754215164739103,0.0004982130647916702,1748944076.8317995
699,0.02270146645605564,-0.5210015773773193,0.0,0.3538571298122406,0.9754215164739103,0.0004982105092992843,1748944076.8959155
700,0.03909151256084442,-0.41235101222991943,0.0,0.5538138747215271,0.9754215164739103,0.0004982079538200061,1748944076.9549258
701,0.033920176327228546,-0.4695169925689697,0.0,0.41948869824409485,0.9754215164739103,0.000498205398353836,1748944077.01405
702,0.039769262075424194,-0.55281662940979,0.0,0.46490478515625,0.9754215164739103,0.0004982028429007735,1748944077.0718179
703,0.03278876468539238,-0.48112645745277405,0.0,0.4204278290271759,0.9754215164739103,0.0004982002874608188,1748944077.1299567
704,0.027963224798440933,-0.4500008821487427,0.0,0.42020183801651,0.9754215164739103,0.0004981977320339718,1748944077.1879647
705,0.03237117454409599,-0.6206085681915283,0.0,0.520576000213623,0.9754215164739103,0.0004981951766202323,1748944077.2479753
706,0.02383114956319332,-0.45268023014068604,0.0,0.3630387783050537,0.9754215164739103,0.0004981926212196003,1748944077.3075976
707,0.030871376395225525,-0.5809544324874878,0.0,0.502465546131134,0.9754215164739103,0.0004981900658320759,1748944077.3709435
708,1.5714877843856812,-0.5402222871780396,0.0,0.44053369760513306,0.9754215164739103,0.0004981875104576588,1748944077.4310272
709,0.03196156769990921,-0.529642641544342,0.0,0.3800891637802124,0.9754215164739103,0.0004981849550963491,1748944077.4900196
710,0.020328987389802933,-0.4983667731285095,0.0,0.3221459984779358,0.9754215164739103,0.0004981823997481466,1748944077.5514848
711,0.03845818713307381,-0.5160998106002808,0.0,0.4989132881164551,0.9754215164739103,0.0004981798444130512,1748944077.613041
712,0.031048964709043503,-0.5095465779304504,0.0,0.5219464302062988,0.9754215164739103,0.000498177289091063,1748944077.67161
713,0.029973572120070457,-0.34390929341316223,0.0,0.3558192551136017,0.9754215164739103,0.0004981747337821818,1748944077.7299461
714,0.03548828512430191,-0.4409782588481903,0.0,0.4826396107673645,0.9754215164739103,0.0004981721784864077,1748944077.7896123
715,1.5776242017745972,-0.5026026368141174,0.0,0.4800879955291748,0.9754215164739103,0.0004981696232037405,1748944077.8489068
716,0.02731572464108467,-0.5333384275436401,0.0,0.42793789505958557,0.9754215164739103,0.0004981670679341801,1748944077.9111722
717,0.037786711007356644,-0.49712246656417847,0.0,0.4741900563240051,0.9754215164739103,0.0004981645126777266,1748944077.9719458
718,0.03292286396026611,-0.4568723440170288,0.0,0.3675391376018524,0.9754215164739103,0.0004981619574343796,1748944078.036809
719,0.02892731875181198,-0.46585047245025635,0.0,0.33740413188934326,0.9754215164739103,0.0004981594022041394,1748944078.0976696
720,0.018187301233410835,-0.4167274534702301,0.0,0.2748779356479645,0.9754215164739103,0.0004981568469870058,1748944078.1554174
721,0.0289003886282444,-0.533122181892395,0.0,0.49420905113220215,0.9754215164739103,0.0004981542917829786,1748944078.2126231
722,0.03285336494445801,-0.6575405597686768,0.0,0.4126744568347931,0.9754215164739103,0.000498151736592058,1748944078.2717848
723,0.03403234854340553,-0.5752874612808228,0.0,0.3634501099586487,0.9754215164739103,0.0004981491814142437,1748944078.3288825
724,0.0411878302693367,-0.5719155073165894,0.0,0.5542295575141907,0.9754215164739103,0.0004981466262495357,1748944078.3879068
725,0.030136272311210632,-0.534797191619873,0.0,0.3715904653072357,0.9754215164739103,0.000498144071097934,1748944078.447791
726,0.038067784160375595,-0.5592222213745117,0.0,0.5289532542228699,0.9754215164739103,0.0004981415159594385,1748944078.5101833
727,0.032978929579257965,-0.6396347284317017,0.0,0.4310750961303711,0.9754215164739103,0.000498138960834049,1748944078.5718858
728,0.03100760653614998,-0.5701181292533875,0.0,0.4137996435165405,0.9754215164739103,0.0004981364057217657,1748944078.6293738
729,0.037836410105228424,-0.6601417064666748,0.0,0.7139776349067688,0.9754215164739103,0.0004981338506225882,1748944078.6893787
730,0.022656867280602455,-0.5144139528274536,0.0,0.45577117800712585,0.9754215164739103,0.0004981312955365168,1748944078.7512212
731,0.025509001687169075,-0.5705544352531433,0.0,0.346223384141922,0.9754215164739103,0.0004981287404635511,1748944078.8128078
732,0.028868045657873154,-0.4151970148086548,0.0,0.5059390068054199,0.9754215164739103,0.0004981261854036913,1748944078.8718882
733,0.03498073294758797,-0.5033128261566162,0.0,0.4358949363231659,0.9754215164739103,0.0004981236303569371,1748944078.930772
734,0.02252320386469364,-0.5897950530052185,0.0,0.40969935059547424,0.9754215164739103,0.0004981210753232885,1748944078.995981
735,0.028403356671333313,-0.4980059564113617,0.0,0.35419049859046936,0.9754215164739103,0.0004981185203027456,1748944079.0546622
736,0.023440860211849213,-0.4467886686325073,0.0,0.3834524154663086,0.9754215164739103,0.0004981159652953081,1748944079.1126878
737,0.027335505932569504,-0.4735506772994995,0.0,0.3974013328552246,0.9754215164739103,0.0004981134103009761,1748944079.1718502
738,0.030122574418783188,-0.5123233795166016,0.0,0.46948477625846863,0.9754215164739103,0.0004981108553197496,1748944079.2298076
739,0.01948525384068489,-0.5492532253265381,0.0,0.3324885964393616,0.9754215164739103,0.0004981083003516283,1748944079.2878203
740,0.0355554074048996,-0.5232558846473694,0.0,0.4743330180644989,0.9754215164739103,0.0004981057453966122,1748944079.3475804
741,0.041740357875823975,-0.5749832391738892,0.0,0.5731976628303528,0.9754215164739103,0.0004981031904547012,1748944079.4067893
742,0.03372211009263992,-0.4900199770927429,0.0,0.505264163017273,0.9754215164739103,0.0004981006355258955,1748944079.4686866
743,0.03024110198020935,-0.5280338525772095,0.0,0.5488596558570862,0.9754215164739103,0.0004980980806101947,1748944079.5309696
744,0.03333606570959091,-0.5224043726921082,0.0,0.43969178199768066,0.9754215164739103,0.0004980955257075989,1748944079.5877378
745,0.02918010577559471,-0.46224427223205566,0.0,0.34260493516921997,0.9754215164739103,0.0004980929708181081,1748944079.6466324
746,1.5670853853225708,-0.5840795040130615,0.0,0.4966423809528351,0.9754215164739103,0.000498090415941722,1748944079.7058582
747,0.02148759737610817,-0.499693363904953,0.0,0.3375709056854248,0.9754215164739103,0.0004980878610784407,1748944079.7679496
748,0.026281189173460007,-0.5610655546188354,0.0,0.4135768413543701,0.9754215164739103,0.0004980853062282641,1748944079.829184
749,0.033181481063365936,-0.5978711843490601,0.0,0.5225147008895874,0.9754215164739103,0.0004980827513911922,1748944079.8890123
750,0.035163991153240204,-0.4957917630672455,0.0,0.39410164952278137,0.9754215164739103,0.0004980801965672248,1748944079.9512198
751,0.028584422543644905,-0.4108757972717285,0.0,0.37071165442466736,0.9754215164739103,0.0004980776417563619,1748944080.0140362
752,0.03256198763847351,-0.546995997428894,0.0,0.46409204602241516,0.9754215164739103,0.0004980750869586036,1748944080.0731766
753,0.028075292706489563,-0.4448390007019043,0.0,0.4127502739429474,0.9754215164739103,0.0004980725321739495,1748944080.1386485
754,0.03650059178471565,-0.5237874984741211,0.0,0.4386276304721832,0.9754215164739103,0.0004980699774023996,1748944080.1966515
755,0.032273463904857635,-0.5149930119514465,0.0,0.4023818075656891,0.9754215164739103,0.0004980674226439541,1748944080.2548125
756,0.0360582061111927,-0.5582904815673828,0.0,0.5848362445831299,0.9754215164739103,0.0004980648678986127,1748944080.3134332
757,0.031565554440021515,-0.5574977397918701,0.0,0.47534796595573425,0.9754215164739103,0.0004980623131663755,1748944080.3722343
758,0.02953515574336052,-0.5051848292350769,0.0,0.4236050248146057,0.9754215164739103,0.0004980597584472422,1748944080.4298575
759,0.026066318154335022,-0.6105994582176208,0.0,0.3643755614757538,0.9754215164739103,0.0004980572037412129,1748944080.487846
760,0.027658920735120773,-0.460991770029068,0.0,0.47188958525657654,0.9754215164739103,0.0004980546490482875,1748944080.5466971
761,0.027136031538248062,-0.4263453185558319,0.0,0.3456495702266693,0.9754215164739103,0.000498052094368466,1748944080.6057165
762,0.0369674414396286,-0.44329145550727844,0.0,0.474122554063797,0.9754215164739103,0.0004980495397017481,1748944080.664544
763,0.018507521599531174,-0.2755247950553894,0.0,0.39031288027763367,0.9754215164739103,0.000498046985048134,1748944080.7280061
764,0.04081439971923828,-0.44588524103164673,0.0,0.41671907901763916,0.9754215164739103,0.0004980444304076235,1748944080.7881937
765,0.024654177948832512,-0.3947978615760803,0.0,0.35282936692237854,0.9754215164739103,0.0004980418757802166,1748944080.8468115
766,0.03642253577709198,-0.42083823680877686,0.0,0.42089059948921204,0.9754215164739103,0.0004980393211659131,1748944080.9067228
767,0.024580594152212143,-0.44895970821380615,0.0,0.4040592312812805,0.9754215164739103,0.0004980367665647132,1748944080.966673
768,0.03018064983189106,-0.4645419120788574,0.0,0.5577622056007385,0.9754215164739103,0.0004980342119766164,1748944081.0288217
769,0.023608190938830376,-0.41939833760261536,0.0,0.47855034470558167,0.9754215164739103,0.0004980316574016232,1748944081.0886571
770,0.028166312724351883,-0.48998263478279114,0.0,0.363344669342041,0.9754215164739103,0.0004980291028397329,1748944081.1559057
771,0.020717330276966095,-0.5284390449523926,0.0,0.30801907181739807,0.9754215164739103,0.000498026548290946,1748944081.2142122
772,0.023607652634382248,-0.4663277268409729,0.0,0.39009055495262146,0.9754215164739103,0.0004980239937552621,1748944081.2723055
773,0.0221558790653944,-0.5278684496879578,0.0,0.33681008219718933,0.9754215164739103,0.0004980214392326812,1748944081.332035
774,0.027962760999798775,-0.397511750459671,0.0,0.4063708782196045,0.9754215164739103,0.0004980188847232033,1748944081.390413
775,0.02576850913465023,-0.43319255113601685,0.0,0.37095341086387634,0.9754215164739103,0.0004980163302268283,1748944081.4546442
776,0.0322628915309906,-0.44662097096443176,0.0,0.45884039998054504,0.9754215164739103,0.000498013775743556,1748944081.5136719
777,0.030562451109290123,-0.5945456027984619,0.0,0.34806641936302185,0.9754215164739103,0.0004980112212733866,1748944081.5719357
778,0.027725718915462494,-0.5941709280014038,0.0,0.42742833495140076,0.9754215164739103,0.0004980086668163198,1748944081.630779
779,0.027913037687540054,-0.5392511487007141,0.0,0.3911663293838501,0.9754215164739103,0.0004980061123723556,1748944081.6949627
780,0.022392749786376953,-0.5261508822441101,0.0,0.4408927261829376,0.9754215164739103,0.000498003557941494,1748944081.755029
781,0.03941616043448448,-0.5805515646934509,0.0,0.47921502590179443,0.9754215164739103,0.000498001003523735,1748944081.8125865
782,0.03719670698046684,-0.527234673500061,0.0,0.4974687993526459,0.9754215164739103,0.0004979984491190782,1748944081.872108
783,0.030245888978242874,-0.49056071043014526,0.0,0.36738601326942444,0.9754215164739103,0.0004979958947275238,1748944081.9387395
784,0.027261333540081978,-0.47628918290138245,0.0,0.37591180205345154,0.9754215164739103,0.0004979933403490718,1748944081.9969654
785,0.03576216101646423,-0.5179369449615479,0.0,0.6327236294746399,0.9754215164739103,0.0004979907859837219,1748944082.0545611
786,1.5701227188110352,-0.5133992433547974,0.0,0.5051741600036621,0.9754215164739103,0.0004979882316314742,1748944082.113154
787,0.035670362412929535,-0.5179493427276611,0.0,0.4887987971305847,0.9754215164739103,0.0004979856772923286,1748944082.1709683
788,0.023601599037647247,-0.4872891306877136,0.0,0.33214232325553894,0.9754215164739103,0.000497983122966285,1748944082.230578
789,0.031606175005435944,-0.6139761209487915,0.0,0.37692543864250183,0.9754215164739103,0.0004979805686533432,1748944082.2889295
790,0.026260927319526672,-0.5810667872428894,0.0,0.5285307765007019,0.9754215164739103,0.0004979780143535035,1748944082.354243
791,0.03188806027173996,-0.5392310619354248,0.0,0.5267035365104675,0.9754215164739103,0.0004979754600667655,1748944082.4128509
792,0.025010304525494576,-0.5631512403488159,0.0,0.3766147196292877,0.9754215164739103,0.0004979729057931293,1748944082.472931
793,0.0291767381131649,-0.32462894916534424,0.0,0.46178773045539856,0.9754215164739103,0.0004979703515325947,1748944082.5369442
794,0.025800354778766632,-0.3435650169849396,0.0,0.3824664056301117,0.9754215164739103,0.0004979677972851618,1748944082.5979974
795,0.02408980205655098,-0.39637842774391174,0.0,0.5250519514083862,0.9754215164739103,0.0004979652430508304,1748944082.6597483
796,0.03493014723062515,-0.5324142575263977,0.0,0.5948192477226257,0.9754215164739103,0.0004979626888296005,1748944082.7219555
797,0.026889082044363022,-0.4607130289077759,0.0,0.35897985100746155,0.9754215164739103,0.0004979601346214719,1748944082.7798054
798,0.030548550188541412,-0.5031825304031372,0.0,0.3338630199432373,0.9754215164739103,0.0004979575804264447,1748944082.8386662
799,0.02827409654855728,-0.47536414861679077,0.0,0.44814494252204895,0.9754215164739103,0.0004979550262445188,1748944082.8958778
800,0.02500956691801548,-0.49339571595191956,0.0,0.3582979440689087,0.9754215164739103,0.0004979524720756941,1748944082.9555862
801,0.028926264494657516,-0.4631657600402832,0.0,0.4027988910675049,0.9754215164739103,0.0004979499179199705,1748944083.0157182
802,0.03250977396965027,-0.47483450174331665,0.0,0.3501151502132416,0.9754215164739103,0.0004979473637773481,1748944083.0779407
803,0.02612389251589775,-0.594631552696228,0.0,0.35739806294441223,0.9754215164739103,0.0004979448096478266,1748944083.1386619
804,0.03165483474731445,-0.5184327363967896,0.0,0.5728219747543335,0.9754215164739103,0.0004979422555314061,1748944083.197044
805,0.02298135869204998,-0.5208909511566162,0.0,0.3505793809890747,0.971962602873312,0.0004979397014280864,1748944083.2555454
806,0.028793472796678543,-0.5093610286712646,0.0,0.5560696721076965,0.971962602873312,0.0004979371473378674,1748944083.3135345
807,1.5773242712020874,-0.5506144165992737,0.0,0.5358083248138428,0.971962602873312,0.0004979345932607493,1748944083.3722146
808,0.023748017847537994,-0.45616617798805237,0.0,0.4550023078918457,0.971962602873312,0.0004979320391967319,1748944083.437707
809,1.5723522901535034,-0.40299880504608154,0.0,0.4431244730949402,0.971962602873312,0.000497929485145815,1748944083.4969027
810,0.027059972286224365,-0.47976142168045044,0.0,0.3411664366722107,0.971962602873312,0.0004979269311079987,1748944083.554702
811,0.034322746098041534,-0.3660493493080139,0.0,0.4655771553516388,0.971962602873312,0.0004979243770832829,1748944083.6123571
812,0.026425955817103386,-0.5369765758514404,0.0,0.38782137632369995,0.971962602873312,0.0004979218230716674,1748944083.6732776
813,0.026992350816726685,-0.4144454598426819,0.0,0.43091458082199097,0.971962602873312,0.0004979192690731523,1748944083.7336793
814,1.566411018371582,-0.4525502920150757,0.0,0.4824261963367462,0.971962602873312,0.0004979167150877374,1748944083.7952259
815,0.0386747345328331,-0.4936438202857971,0.0,0.4082345962524414,0.971962602873312,0.0004979141611154228,1748944083.8548365
816,0.029900722205638885,-0.4822736978530884,0.0,0.35005825757980347,0.971962602873312,0.0004979116071562083,1748944083.9128158
817,0.02816687896847725,-0.5076643824577332,0.0,0.3534376323223114,0.971962602873312,0.0004979090532100938,1748944083.9728765
818,0.029342852532863617,-0.4903927445411682,0.0,0.39476916193962097,0.971962602873312,0.0004979064992770793,1748944084.0375748
819,0.034959182143211365,-0.5211728811264038,0.0,0.5332252979278564,0.971962602873312,0.0004979039453571648,1748944084.0967085
820,0.029742559418082237,-0.47942519187927246,0.0,0.34465911984443665,0.971962602873312,0.0004979013914503501,1748944084.1545992
821,0.02476225048303604,-0.5593312978744507,0.0,0.29988226294517517,0.971962602873312,0.0004978988375566352,1748944084.2131274
822,0.02995559573173523,-0.46965649724006653,0.0,0.3703039586544037,0.971962602873312,0.0004978962836760201,1748944084.2719095
823,0.028061598539352417,-0.49284231662750244,0.0,0.40470370650291443,0.971962602873312,0.0004978937298085047,1748944084.3318725
824,0.036620184779167175,-0.42224910855293274,0.0,0.523639976978302,0.971962602873312,0.0004978911759540887,1748944084.3950686
825,0.023937035351991653,-0.5578757524490356,0.0,0.37566348910331726,0.971962602873312,0.0004978886221127724,1748944084.4554474
826,0.02610854059457779,-0.4016574025154114,0.0,0.3977448344230652,0.971962602873312,0.0004978860682845554,1748944084.5137033
827,0.028092587366700172,-0.5258256196975708,0.0,0.35886111855506897,0.971962602873312,0.0004978835144694379,1748944084.571743
828,0.027094313874840736,-0.5736839175224304,0.0,0.5476042032241821,0.971962602873312,0.0004978809606674198,1748944084.629763
829,0.02751409076154232,-0.44147396087646484,0.0,0.42442846298217773,0.971962602873312,0.0004978784068785008,1748944084.6887958
830,0.034463003277778625,-0.4293631613254547,0.0,0.40193456411361694,0.971962602873312,0.0004978758531026811,1748944084.7469225
831,0.026570945978164673,-0.4400010108947754,0.0,0.3179650902748108,0.971962602873312,0.0004978732993399605,1748944084.8055394
832,0.027260426431894302,-0.5284066796302795,0.0,0.33152052760124207,0.971962602873312,0.0004978707455903389,1748944084.8630886
833,0.024239152669906616,-0.513110339641571,0.0,0.3712957203388214,0.971962602873312,0.0004978681918538163,1748944084.9215925
834,0.036685194820165634,-0.5268527865409851,0.0,0.44465938210487366,0.971962602873312,0.0004978656381303926,1748944084.9807332
835,0.026959681883454323,-0.5727752447128296,0.0,0.5014262795448303,0.971962602873312,0.0004978630844200679,1748944085.0426924
836,1.5681259632110596,-0.42287665605545044,0.0,0.4082674980163574,0.971962602873312,0.0004978605307228419,1748944085.1051214
837,0.03145473450422287,-0.5327157974243164,0.0,0.5094708800315857,0.971962602873312,0.0004978579770387146,1748944085.1628697
838,1.5610241889953613,-0.46763473749160767,0.0,0.38792386651039124,0.971962602873312,0.0004978554233676859,1748944085.221978
839,0.04171524569392204,-0.6839321255683899,0.0,0.50506591796875,0.971962602873312,0.0004978528697097559,1748944085.2812982
840,0.041627753525972366,-0.5821114778518677,0.0,0.7624282240867615,0.971962602873312,0.0004978503160649244,1748944085.3429253
841,0.02400398999452591,-0.5164149403572083,0.0,0.2673978805541992,0.971962602873312,0.0004978477624331914,1748944085.4059527
842,0.02500276453793049,-0.49570703506469727,0.0,0.36207497119903564,0.971962602873312,0.0004978452088145566,1748944085.465311
843,1.5661674737930298,-0.41099828481674194,0.0,0.42412400245666504,0.971962602873312,0.0004978426552090203,1748944085.5265326
844,0.03743757680058479,-0.39546921849250793,0.0,0.4583882689476013,0.971962602873312,0.0004978401016165822,1748944085.5879216
845,0.02101803943514824,-0.5425273776054382,0.0,0.4179593026638031,0.971962602873312,0.0004978375480372422,1748944085.6476529
846,1.5782411098480225,-0.4652002453804016,0.0,0.5270103812217712,0.971962602873312,0.0004978349944710004,1748944085.7067847
847,0.02626100927591324,-0.4406183958053589,0.0,0.5370196104049683,0.971962602873312,0.0004978324409178566,1748944085.7668366
848,0.022924697026610374,-0.5249173045158386,0.0,0.3775041401386261,0.971962602873312,0.0004978298873778109,1748944085.8267555
849,0.023488150909543037,-0.4601955711841583,0.0,0.38193464279174805,0.971962602873312,0.000497827333850863,1748944085.8879814
850,0.020874639973044395,-0.5376384258270264,0.0,0.366378515958786,0.971962602873312,0.0004978247803370129,1748944085.9479592
851,0.03471660614013672,-0.47058039903640747,0.0,0.4562382102012634,0.971962602873312,0.0004978222268362607,1748944086.0076077
852,1.566186547279358,-0.5709658265113831,0.0,0.36984238028526306,0.971962602873312,0.0004978196733486062,1748944086.07046
853,0.028766296803951263,-0.5903174877166748,0.0,0.5602258443832397,0.971962602873312,0.0004978171198740493,1748944086.1312945
854,0.043286871165037155,-0.582248330116272,0.0,0.4993121325969696,0.971962602873312,0.00049781456641259,1748944086.190569
855,0.02978323958814144,-0.5102182626724243,0.0,0.6713628172874451,0.971962602873312,0.0004978120129642281,1748944086.253404
856,0.03197403624653816,-0.5357425212860107,0.0,0.43522635102272034,0.971962602873312,0.0004978094595289638,1748944086.3139296
857,0.019049938768148422,-0.5198720097541809,0.0,0.31991180777549744,0.971962602873312,0.0004978069061067969,1748944086.3723261
858,0.023668620735406876,-0.5277060270309448,0.0,0.35324031114578247,0.971962602873312,0.0004978043526977273,1748944086.4298675
859,0.027994921430945396,-0.4888663589954376,0.0,0.38512933254241943,0.971962602873312,0.0004978017993017547,1748944086.487919
860,0.024460602551698685,-0.567011833190918,0.0,0.3315315842628479,0.971962602873312,0.0004977992459188795,1748944086.5466197
861,0.018981315195560455,-0.43688905239105225,0.0,0.3286561667919159,0.971962602873312,0.0004977966925491014,1748944086.605291
862,0.024443380534648895,-0.5030783414840698,0.0,0.41084015369415283,0.971962602873312,0.0004977941391924203,1748944086.6637099
863,0.028806490823626518,-0.43311214447021484,0.0,0.43795037269592285,0.971962602873312,0.0004977915858488362,1748944086.7216947
864,0.031273968517780304,-0.42638954520225525,0.0,0.4224799573421478,0.971962602873312,0.0004977890325183489,1748944086.780085
865,0.03337690606713295,-0.4853287637233734,0.0,0.4791615903377533,0.971962602873312,0.0004977864792009586,1748944086.8381803
866,0.028312403708696365,-0.4927102327346802,0.0,0.3719739317893982,0.971962602873312,0.000497783925896665,1748944086.8967757
867,0.036118291318416595,-0.5641989707946777,0.0,0.6933634877204895,0.971962602873312,0.0004977813726054681,1748944086.954964
868,0.022799834609031677,-0.456923246383667,0.0,0.3115910589694977,0.971962602873312,0.0004977788193273678,1748944087.0128994
869,0.027756163850426674,-0.4400894045829773,0.0,0.40626823902130127,0.971962602873312,0.0004977762660623641,1748944087.0719209
870,0.03521043434739113,-0.5540048480033875,0.0,0.4883558452129364,0.971962602873312,0.0004977737128104569,1748944087.1298425
871,0.022314954549074173,-0.5281410813331604,0.0,0.35935327410697937,0.971962602873312,0.0004977711595716462,1748944087.1890001
872,0.038000546395778656,-0.4958030581474304,0.0,0.4609021842479706,0.971962602873312,0.0004977686063459318,1748944087.2475383
873,0.021201804280281067,-0.5434544682502747,0.0,0.302150696516037,0.971962602873312,0.0004977660531333138,1748944087.3120513
874,0.0394974984228611,-0.6083696484565735,0.0,0.4440452456474304,0.971962602873312,0.0004977634999337919,1748944087.3725815
875,0.024657994508743286,-0.5297845005989075,0.0,0.34977248311042786,0.971962602873312,0.0004977609467473662,1748944087.4299507
876,0.03070675954222679,-0.6461697220802307,0.0,0.46301180124282837,0.971962602873312,0.0004977583935740366,1748944087.4888113
877,0.021556120365858078,-0.41054821014404297,0.0,0.30554646253585815,0.971962602873312,0.000497755840413803,1748944087.5478377
878,0.028902608901262283,-0.4989851117134094,0.0,0.4089139997959137,0.971962602873312,0.0004977532872666655,1748944087.606875
879,0.02033148519694805,-0.49096789956092834,0.0,0.322112113237381,0.971962602873312,0.0004977507341326239,1748944087.66791
880,0.020946113392710686,-0.4486057758331299,0.0,0.3340291976928711,0.971962602873312,0.000497748181011678,1748944087.7306406
881,0.029111970216035843,-0.642003059387207,0.0,0.5078117251396179,0.971962602873312,0.000497745627903828,1748944087.7889016
882,0.03223951533436775,-0.5302593111991882,0.0,0.625674307346344,0.971962602873312,0.0004977430748090736,1748944087.846674
883,0.031758569180965424,-0.41845035552978516,0.0,0.41538217663764954,0.971962602873312,0.0004977405217274148,1748944087.9052289
884,0.02205928973853588,-0.5051531195640564,0.0,0.35008248686790466,0.971962602873312,0.0004977379686588515,1748944087.9666734
885,0.02102690562605858,-0.5284585356712341,0.0,0.3172532618045807,0.971962602873312,0.000497735415603384,1748944088.02866
886,1.569297432899475,-0.3830816447734833,0.0,0.4068587124347687,0.971962602873312,0.0004977328625610116,1748944088.0886168
887,0.043099358677864075,-0.49991729855537415,0.0,0.5718510150909424,0.971962602873312,0.0004977303095317347,1748944088.148059
888,0.03765252232551575,-0.5307093262672424,0.0,0.5971797108650208,0.971962602873312,0.0004977277565155531,1748944088.2118979
889,0.026640815660357475,-0.42011356353759766,0.0,0.3279620409011841,0.971962602873312,0.0004977252035124667,1748944088.2722323
890,0.03356810659170151,-0.5330778956413269,0.0,0.5069230198860168,0.971962602873312,0.0004977226505224755,1748944088.3296788
891,1.566953182220459,-0.4702484607696533,0.0,0.4061069190502167,0.971962602873312,0.0004977200975455794,1748944088.3877187
892,0.024280700832605362,-0.49783098697662354,0.0,0.35578134655952454,0.971962602873312,0.0004977175445817783,1748944088.4465983
893,0.026545792818069458,-0.5155395865440369,0.0,0.39768150448799133,0.971962602873312,0.0004977149916310722,1748944088.50478
894,0.02889212779700756,-0.5048258900642395,0.0,0.31416594982147217,0.971962602873312,0.000497712438693461,1748944088.5644977
895,0.021379224956035614,-0.5560590624809265,0.0,0.4545951783657074,0.971962602873312,0.0004977098857689445,1748944088.6269486
896,0.02158241719007492,-0.5592653751373291,0.0,0.5563094019889832,0.971962602873312,0.0004977073328575228,1748944088.6889224
897,0.02115970104932785,-0.38273802399635315,0.0,0.295417457818985,0.971962602873312,0.0004977047799591959,1748944088.7466807
898,0.0295607540756464,-0.4409952163696289,0.0,0.4639262557029724,0.971962602873312,0.0004977022270739635,1748944088.8046544
899,0.025126950815320015,-0.5247169733047485,0.0,0.43692341446876526,0.971962602873312,0.0004976996742018258,1748944088.8640711
900,0.02612338960170746,-0.5463672280311584,0.0,0.4113900363445282,0.971962602873312,0.0004976971213427824,1748944088.9224443
901,0.029733460396528244,-0.5188201665878296,0.0,0.36892518401145935,0.971962602873312,0.0004976945684968335,1748944088.9851794
902,0.021253790706396103,-0.5407485961914062,0.0,0.4151803255081177,0.971962602873312,0.000497692015663979,1748944089.0466526
903,0.022647375240921974,-0.45643457770347595,0.0,0.3164566457271576,0.971962602873312,0.0004976894628442187,1748944089.1055598
904,0.026800135150551796,-0.47392159700393677,0.0,0.4899365305900574,0.971962602873312,0.0004976869100375527,1748944089.1637573
905,0.014569936320185661,-0.3589659631252289,0.0,0.2301270067691803,0.971962602873312,0.0004976843572439808,1748944089.221206
906,0.0303072240203619,-0.5258585214614868,0.0,0.34183168411254883,0.971962602873312,0.000497681804463503,1748944089.2798378
907,0.029908400028944016,-0.4499704837799072,0.0,0.5048061013221741,0.971962602873312,0.0004976792516961192,1748944089.3387158
908,0.03155367076396942,-0.5524513125419617,0.0,0.40190184116363525,0.971962602873312,0.0004976766989418295,1748944089.3991141
909,0.024021223187446594,-0.5622020959854126,0.0,0.37987542152404785,0.971962602873312,0.0004976741462006336,1748944089.4608657
910,0.024657607078552246,-0.5365792512893677,0.0,0.4554094076156616,0.971962602873312,0.0004976715934725314,1748944089.5225444
911,0.028320258483290672,-0.4905308485031128,0.0,0.3898179829120636,0.971962602873312,0.0004976690407575231,1748944089.5794518
912,0.04342344403266907,-0.46775126457214355,0.0,0.5125249624252319,0.971962602873312,0.0004976664880556084,1748944089.6387637
913,0.03274324908852577,-0.5140995979309082,0.0,0.43003854155540466,0.971962602873312,0.0004976639353667872,1748944089.6967556
914,0.021588919684290886,-0.4403308629989624,0.0,0.4197918474674225,0.971962602873312,0.0004976613826910598,1748944089.7554753
915,0.022222377359867096,-0.5481122732162476,0.0,0.38775819540023804,0.971962602873312,0.0004976588300284258,1748944089.814053
916,0.021431218832731247,-0.5788627862930298,0.0,0.3359382450580597,0.971962602873312,0.0004976562773788851,1748944089.8743498
917,0.024512367323040962,-0.4932177662849426,0.0,0.3128124177455902,0.971962602873312,0.0004976537247424379,1748944089.9379485
918,0.025307223200798035,-0.4940553903579712,0.0,0.385877788066864,0.971962602873312,0.0004976511721190838,1748944089.9968014
919,0.029809769243001938,-0.46257472038269043,0.0,0.37651169300079346,0.971962602873312,0.0004976486195088231,1748944090.0542984
920,0.03001047670841217,-0.5259047746658325,0.0,0.49797433614730835,0.971962602873312,0.0004976460669116554,1748944090.1144266
921,0.027384623885154724,-0.41154009103775024,0.0,0.5678526759147644,0.971962602873312,0.0004976435143275808,1748944090.1749644
922,0.018383467569947243,-0.3828361928462982,0.0,0.2991954982280731,0.971962602873312,0.0004976409617565993,1748944090.2376475
923,0.02200917713344097,-0.37750187516212463,0.0,0.3753235638141632,0.971962602873312,0.0004976384091987106,1748944090.296576
924,0.028241628780961037,-0.5232855677604675,0.0,0.38701626658439636,0.971962602873312,0.0004976358566539149,1748944090.3553863
925,0.0316350981593132,-0.48595699667930603,0.0,0.7141336798667908,0.971962602873312,0.000497633304122212,1748944090.4142876
926,0.023602783679962158,-0.5213590860366821,0.0,0.4510993957519531,0.971962602873312,0.0004976307516036018,1748944090.474219
927,0.017541445791721344,-0.40868890285491943,0.0,0.33196088671684265,0.971962602873312,0.0004976281990980843,1748944090.5369525
928,0.017350628972053528,-0.4624718427658081,0.0,0.3094555139541626,0.971962602873312,0.0004976256466056594,1748944090.5965457
929,0.031154219061136246,-0.4960540533065796,0.0,0.3935471773147583,0.971962602873312,0.0004976230941263272,1748944090.6551616
930,1.566888451576233,-0.544127345085144,0.0,0.38767361640930176,0.971962602873312,0.0004976205416600872,1748944090.714369
931,1.5672227144241333,-0.5324932336807251,0.0,0.4007165729999542,0.971962602873312,0.0004976179892069398,1748944090.7727377
932,0.021119916811585426,-0.5447325110435486,0.0,0.43564215302467346,0.971962602873312,0.0004976154367668846,1748944090.8369222
933,0.027786433696746826,-0.5427308082580566,0.0,0.3533589243888855,0.971962602873312,0.0004976128843399217,1748944090.8967776
934,0.024315888062119484,-0.5334168672561646,0.0,0.30447039008140564,0.971962602873312,0.0004976103319260511,1748944090.9547286
935,0.019636958837509155,-0.516582727432251,0.0,0.4061073362827301,0.971962602873312,0.0004976077795252726,1748944091.014995
936,0.014786760322749615,-0.49845069646835327,0.0,0.36031240224838257,0.971962602873312,0.0004976052271375861,1748944091.0747902
937,0.021922331303358078,-0.46265700459480286,0.0,0.3053925037384033,0.971962602873312,0.0004976026747629917,1748944091.1380737
938,0.03031158447265625,-0.4313182830810547,0.0,0.33537453413009644,0.971962602873312,0.0004976001224014892,1748944091.198773
939,0.020064104348421097,-0.5905239582061768,0.0,0.3998270630836487,0.971962602873312,0.0004975975700530785,1748944091.2578847
940,0.021149393171072006,-0.37308192253112793,0.0,0.3337821364402771,0.971962602873312,0.0004975950177177596,1748944091.318038
941,0.03297898918390274,-0.562042236328125,0.0,0.43513137102127075,0.971962602873312,0.0004975924653955326,1748944091.3798878
942,0.014893501996994019,-0.4293382167816162,0.0,0.27792027592658997,0.971962602873312,0.0004975899130863972,1748944091.4375658
943,0.0252508744597435,-0.4783576726913452,0.0,0.3882351517677307,0.971962602873312,0.0004975873607903533,1748944091.4969118
944,0.021575629711151123,-0.30253928899765015,0.0,0.27333706617355347,0.971962602873312,0.000497584808507401,1748944091.5554168
945,0.030928758904337883,-0.4424837827682495,0.0,0.3813045620918274,0.971962602873312,0.0004975822562375402,1748944091.6136634
946,0.020088864490389824,-0.4866945147514343,0.0,0.31976190209388733,0.971962602873312,0.0004975797039807708,1748944091.6721914
947,0.020257603377103806,-0.5595587491989136,0.0,0.3278992176055908,0.971962602873312,0.0004975771517370926,1748944091.7308407
948,0.0327402800321579,-0.5044203996658325,0.0,0.356315940618515,0.971962602873312,0.0004975745995065058,1748944091.788882
949,0.02334371954202652,-0.5318132042884827,0.0,0.3597497344017029,0.971962602873312,0.0004975720472890102,1748944091.852153
950,0.03287969529628754,-0.518012523651123,0.0,0.41070759296417236,0.971962602873312,0.0004975694950846057,1748944091.9140046
951,0.035308387130498886,-0.4407542943954468,0.0,0.4161357879638672,0.971962602873312,0.0004975669428932923,1748944091.9719484
952,0.024439562112092972,-0.471954882144928,0.0,0.5716671347618103,0.971962602873312,0.0004975643907150697,1748944092.0293126
953,0.03354082629084587,-0.4970978796482086,0.0,0.3704022765159607,0.971962602873312,0.0004975618385499382,1748944092.0877585
954,0.01680411398410797,-0.5008485317230225,0.0,0.29547590017318726,0.971962602873312,0.0004975592863978977,1748944092.148282
955,1.561720848083496,-0.5640085935592651,0.0,0.4275176525115967,0.971962602873312,0.0004975567342589477,1748944092.2078836
956,0.029986165463924408,-0.49752599000930786,0.0,0.34711411595344543,0.971962602873312,0.0004975541821330887,1748944092.2717562
957,0.020099814981222153,-0.5141473412513733,0.0,0.37825003266334534,0.971962602873312,0.0004975516300203201,1748944092.3296137
958,0.025544460862874985,-0.46209651231765747,0.0,0.4562340974807739,0.971962602873312,0.0004975490779206423,1748944092.3888583
959,0.027960941195487976,-0.43943995237350464,0.0,0.4292248487472534,0.971962602873312,0.0004975465258340549,1748944092.4470193
960,0.024323951452970505,-0.4489537179470062,0.0,0.34523817896842957,0.971962602873312,0.000497543973760558,1748944092.5048206
961,0.022776396945118904,-0.5179017186164856,0.0,0.31169405579566956,0.971962602873312,0.0004975414217001516,1748944092.5643916
962,0.031173257157206535,-0.5584391355514526,0.0,0.4012376368045807,0.971962602873312,0.0004975388696528354,1748944092.6223407
963,0.03259613364934921,-0.5630600452423096,0.0,0.5437789559364319,0.971962602873312,0.0004975363176186095,1748944092.681023
964,0.03115485981106758,-0.584263801574707,0.0,0.47086861729621887,0.971962602873312,0.0004975337655974737,1748944092.7423062
965,0.036204274743795395,-0.4717244803905487,0.0,0.5427080988883972,0.971962602873312,0.0004975312135894281,1748944092.8054106
966,0.02197881042957306,-0.4640148878097534,0.0,0.31054583191871643,0.971962602873312,0.0004975286615944726,1748944092.8636312
967,0.024897035211324692,-0.5102952718734741,0.0,0.4029938876628876,0.971962602873312,0.0004975261096126071,1748944092.9226015
968,0.020562581717967987,-0.5423099398612976,0.0,0.3714122474193573,0.971962602873312,0.0004975235576438313,1748944092.982364
969,0.029943639412522316,-0.464012086391449,0.0,0.45979583263397217,0.971962602873312,0.0004975210056881456,1748944093.0458667
970,0.022182505577802658,-0.5235809087753296,0.0,0.3400074243545532,0.971962602873312,0.0004975184537455496,1748944093.1053216
971,0.022799648344516754,-0.4820016622543335,0.0,0.39943528175354004,0.971962602873312,0.0004975159018160433,1748944093.163344
972,0.026993881911039352,-0.35799306631088257,0.0,0.4530525207519531,0.971962602873312,0.0004975133498996267,1748944093.2220044
973,0.02666337788105011,-0.4754554033279419,0.0,0.4046200215816498,0.971962602873312,0.0004975107979962996,1748944093.280288
974,0.024178901687264442,-0.5059595108032227,0.0,0.314606636762619,0.971962602873312,0.0004975082461060622,1748944093.3388257
975,0.026143893599510193,-0.4860495924949646,0.0,0.38410958647727966,0.971962602873312,0.0004975056942289141,1748944093.3988602
976,0.020854957401752472,-0.35594362020492554,0.0,0.2806908190250397,0.971962602873312,0.0004975031423648554,1748944093.4629169
977,0.022497978061437607,-0.4402702748775482,0.0,0.3132098913192749,0.971962602873312,0.0004975005905138861,1748944093.521624
978,0.0316397100687027,-0.5234578847885132,0.0,0.4468291401863098,0.971962602873312,0.000497498038676006,1748944093.582048
979,0.02103842794895172,-0.5089975595474243,0.0,0.32506680488586426,0.971962602873312,0.0004974954868512151,1748944093.6415904
980,0.031566087156534195,-0.5327499508857727,0.0,0.3941265046596527,0.971962602873312,0.0004974929350395133,1748944093.70374
981,0.02807394228875637,-0.5573179721832275,0.0,0.3393363356590271,0.971962602873312,0.0004974903832409004,1748944093.7635667
982,0.023769201710820198,-0.558751106262207,0.0,0.5172804594039917,0.971962602873312,0.0004974878314553767,1748944093.8213441
983,0.018530594184994698,-0.48660141229629517,0.0,0.32231268286705017,0.971962602873312,0.0004974852796829418,1748944093.8799562
984,0.02157720923423767,-0.5488542318344116,0.0,0.4994475245475769,0.971962602873312,0.0004974827279235958,1748944093.9399476
985,0.01511652022600174,-0.5304778814315796,0.0,0.271532267332077,0.971962602873312,0.0004974801761773386,1748944093.999686
986,0.028645813465118408,-0.4596487283706665,0.0,0.2695160508155823,0.971962602873312,0.0004974776244441701,1748944094.0598764
987,0.032407574355602264,-0.4464859664440155,0.0,0.48718854784965515,0.971962602873312,0.0004974750727240902,1748944094.1215732
988,0.031261198222637177,-0.4785040616989136,0.0,0.34712743759155273,0.971962602873312,0.0004974725210170989,1748944094.1799223
989,0.029272209852933884,-0.4066697657108307,0.0,0.3435782194137573,0.971962602873312,0.0004974699693231961,1748944094.2387857
990,0.02199999801814556,-0.4837382733821869,0.0,0.2611618638038635,0.971962602873312,0.0004974674176423818,1748944094.2970026
991,0.02314417064189911,-0.48617857694625854,0.0,0.30320507287979126,0.971962602873312,0.0004974648659746559,1748944094.3554478
992,0.02655494026839733,-0.442962646484375,0.0,0.326005756855011,0.971962602873312,0.0004974623143200182,1748944094.4132366
993,0.023631304502487183,-0.4930064380168915,0.0,0.45130714774131775,0.971962602873312,0.0004974597626784688,1748944094.4728925
994,0.023871038109064102,-0.5282427072525024,0.0,0.4047220051288605,0.971962602873312,0.0004974572110500075,1748944094.5323071
995,0.01883956789970398,-0.5789666175842285,0.0,0.3264593482017517,0.971962602873312,0.0004974546594346344,1748944094.5959876
996,0.02429584413766861,-0.5329752564430237,0.0,0.33331140875816345,0.971962602873312,0.0004974521078323494,1748944094.6554928
997,0.017108362168073654,-0.4363821744918823,0.0,0.2983013689517975,0.971962602873312,0.0004974495562431523,1748944094.7139308
998,0.021419383585453033,-0.45245641469955444,0.0,0.30687767267227173,0.971962602873312,0.000497447004667043,1748944094.774287
999,0.023615699261426926,-0.5310319662094116,0.0,0.5046166181564331,0.971962602873312,0.0004974444531040217,1748944094.8377516
1000,0.028387412428855896,-0.6775891184806824,0.0,0.400534987449646,0.971962602873312,0.0004974419015540882,1748944094.896907
1001,0.041230835020542145,-0.44233185052871704,0.0,1.0087635517120361,0.971962602873312,0.0004974393500172423,1748944094.9550958
1002,0.06537790596485138,-0.6722822189331055,0.0,0.9972391128540039,0.971962602873312,0.0004974367984934841,1748944095.0134864
1003,0.03552044555544853,-0.5919471979141235,0.0,0.6149921417236328,0.971962602873312,0.0004974342469828134,1748944095.0713859
1004,0.04006548970937729,-0.7348930835723877,0.0,0.6298877000808716,0.971962602873312,0.0004974316954852303,1748944095.1306784
1005,0.0318305604159832,-0.7125037312507629,0.0,0.45395737886428833,0.9685166175254974,0.0004974291440007345,1748944095.1935542
1006,0.04038187861442566,-0.8262470960617065,0.0,0.6063395142555237,0.9685166175254974,0.0004974265925293262,1748944095.2544405
1007,0.04747043550014496,-0.820512056350708,0.0,0.7036764025688171,0.9685166175254974,0.0004974240410710051,1748944095.31332
1008,0.05253071337938309,-0.750542402267456,0.0,1.1768754720687866,0.9685166175254974,0.0004974214896257713,1748944095.3726096
1009,0.03640187531709671,-0.7383682727813721,0.0,0.7497509717941284,0.9685166175254974,0.0004974189381936247,1748944095.4368298
1010,0.04044315218925476,-0.7260391116142273,0.0,0.6950454115867615,0.9685166175254974,0.0004974163867745652,1748944095.4969893
1011,0.036003392189741135,-0.6226307153701782,0.0,0.4563344419002533,0.9685166175254974,0.0004974138353685927,1748944095.555445
1012,0.025424914434552193,-0.7148765325546265,0.0,0.4798319339752197,0.9685166175254974,0.0004974112839757072,1748944095.6138377
1013,0.042208246886730194,-0.5784515142440796,0.0,0.5219889283180237,0.9685166175254974,0.0004974087325959085,1748944095.6723182
1014,1.5656650066375732,-0.7316396236419678,0.0,0.876140832901001,0.9685166175254974,0.0004974061812291967,1748944095.7307634
1015,0.039350368082523346,-0.528268575668335,0.0,0.6395189762115479,0.9685166175254974,0.0004974036298755717,1748944095.7890806
1016,0.03171117603778839,-0.6142805218696594,0.0,0.5684099793434143,0.9685166175254974,0.0004974010785350334,1748944095.84686
1017,0.030867550522089005,-0.5863056182861328,0.0,0.5309665203094482,0.9685166175254974,0.0004973985272075818,1748944095.9050906
1018,0.03501119464635849,-0.6693891286849976,0.0,0.5509710907936096,0.9685166175254974,0.0004973959758932166,1748944095.963816
1019,0.03347045183181763,-0.5581987500190735,0.0,0.7232229113578796,0.9685166175254974,0.0004973934245919379,1748944096.0219893
1020,0.0434131920337677,-0.740716814994812,0.0,0.43179604411125183,0.9685166175254974,0.0004973908733037457,1748944096.081033
1021,0.033582575619220734,-0.5971423387527466,0.0,0.7119828462600708,0.9685166175254974,0.00049738832202864,1748944096.143035
1022,0.040403690189123154,-0.6730294227600098,0.0,0.8914555311203003,0.9685166175254974,0.0004973857707666204,1748944096.2043033
1023,0.03029373474419117,-0.6734822392463684,0.0,0.7329117655754089,0.9685166175254974,0.000497383219517687,1748944096.2636807
1024,0.033901676535606384,-0.4964798092842102,0.0,0.5563887357711792,0.9685166175254974,0.0004973806682818399,1748944096.3231037
1025,0.038665950298309326,-0.5896912813186646,0.0,0.47607818245887756,0.9685166175254974,0.0004973781170590788,1748944096.3846638
1026,0.02560495398938656,-0.5374594330787659,0.0,0.3959338963031769,0.9685166175254974,0.0004973755658494039,1748944096.4465785
1027,0.02636284939944744,-0.6066036224365234,0.0,0.7636772990226746,0.9685166175254974,0.0004973730146528148,1748944096.5050936
1028,0.040247853845357895,-0.6899591684341431,0.0,0.543116569519043,0.9685166175254974,0.0004973704634693117,1748944096.5644531
1029,0.026211680844426155,-0.6026952862739563,0.0,0.6212063431739807,0.9685166175254974,0.0004973679122988943,1748944096.6245463
1030,0.02976461872458458,-0.6355703473091125,0.0,0.5058753490447998,0.9685166175254974,0.0004973653611415628,1748944096.6876261
1031,0.027544377371668816,-0.7001044750213623,0.0,0.49372372031211853,0.9685166175254974,0.0004973628099973168,1748944096.747104
1032,0.04198875278234482,-0.6303229331970215,0.0,0.4478556513786316,0.9685166175254974,0.0004973602588661566,1748944096.80422
1033,0.030562978237867355,-0.7273485660552979,0.0,0.38779783248901367,0.9685166175254974,0.0004973577077480818,1748944096.8642921
1034,0.03662046790122986,-0.5896722078323364,0.0,0.5706865787506104,0.9685166175254974,0.0004973551566430927,1748944096.922356
1035,0.03569125384092331,-0.5719376802444458,0.0,0.39876678586006165,0.9685166175254974,0.0004973526055511889,1748944096.981208
1036,0.03439334034919739,-0.5387933254241943,0.0,0.6561343669891357,0.9685166175254974,0.0004973500544723704,1748944097.0437143
1037,0.0274079367518425,-0.5926823019981384,0.0,0.4094514548778534,0.9685166175254974,0.0004973475034066373,1748944097.1055121
1038,0.03226284682750702,-0.69259113073349,0.0,0.4185407757759094,0.9685166175254974,0.0004973449523539894,1748944097.1706123
1039,0.024854762479662895,-0.5813435316085815,0.0,0.5541445016860962,0.9685166175254974,0.0004973424013144267,1748944097.2303026
1040,0.04033512622117996,-0.8085048794746399,0.0,0.7041308283805847,0.9685166175254974,0.000497339850287949,1748944097.2892847
1041,0.03094625100493431,-0.5963804721832275,0.0,0.6575717926025391,0.9685166175254974,0.0004973372992745562,1748944097.3540444
1042,0.022380392998456955,-0.6268500685691833,0.0,0.4068896770477295,0.9685166175254974,0.0004973347482742487,1748944097.4132388
1043,0.030561577528715134,-0.6521737575531006,0.0,0.6110610365867615,0.9685166175254974,0.0004973321972870259,1748944097.4714346
1044,1.5776393413543701,-0.6753792762756348,0.0,0.650771975517273,0.9685166175254974,0.0004973296463128879,1748944097.530006
1045,0.03998290374875069,-0.6255677938461304,0.0,0.5117973685264587,0.9685166175254974,0.0004973270953518346,1748944097.589225
1046,0.02883603423833847,-0.5521154403686523,0.0,0.6532559394836426,0.9685166175254974,0.000497324544403866,1748944097.6540682
1047,0.036695003509521484,-0.650901198387146,0.0,0.7010909914970398,0.9685166175254974,0.0004973219934689821,1748944097.714376
1048,0.027653507888317108,-0.6371524930000305,0.0,0.41497328877449036,0.9685166175254974,0.0004973194425471828,1748944097.773791
1049,0.038269054144620895,-0.5817480683326721,0.0,0.5784542560577393,0.9685166175254974,0.0004973168916384678,1748944097.837761
1050,0.03823588043451309,-0.49502870440483093,0.0,0.5455448031425476,0.9685166175254974,0.0004973143407428374,1748944097.8965433
1051,0.034738533198833466,-0.7597326040267944,0.0,0.5619884133338928,0.9685166175254974,0.0004973117898602913,1748944097.9555457
1052,0.02241641655564308,-0.6182776093482971,0.0,0.5048859715461731,0.9685166175254974,0.0004973092389908294,1748944098.013664
1053,0.037678204476833344,-0.7680678367614746,0.0,1.1530088186264038,0.9685166175254974,0.0004973066881344517,1748944098.07102
1054,0.025136005133390427,-0.794674277305603,0.0,0.6535277366638184,0.9685166175254974,0.0004973041372911583,1748944098.1297653
1055,0.019951030611991882,-0.5076310634613037,0.0,0.33957284688949585,0.9685166175254974,0.0004973015864609489,1748944098.1881497
1056,0.02796231210231781,-0.6788443326950073,0.0,0.3555494248867035,0.9685166175254974,0.0004972990356438236,1748944098.2467763
1057,0.04093969985842705,-0.6542463302612305,0.0,0.6226521730422974,0.9685166175254974,0.0004972964848397821,1748944098.3045306
1058,0.02913493663072586,-0.6066606044769287,0.0,0.46841272711753845,0.9685166175254974,0.0004972939340488246,1748944098.362998
1059,1.5688914060592651,-0.6510181427001953,0.0,0.5692899823188782,0.9685166175254974,0.0004972913832709509,1748944098.420531
1060,0.03568139672279358,-0.548375129699707,0.0,0.46578747034072876,0.9685166175254974,0.0004972888325061608,1748944098.4807215
1061,0.026150640100240707,-0.5111495852470398,0.0,0.4303131699562073,0.9685166175254974,0.0004972862817544545,1748944098.5390394
1062,0.04629082977771759,-0.6023498773574829,0.0,0.5599187016487122,0.9685166175254974,0.0004972837310158318,1748944098.598699
1063,0.027188902720808983,-0.5745513439178467,0.0,0.5911059379577637,0.9685166175254974,0.0004972811802902927,1748944098.6580331
1064,0.033616773784160614,-0.6231568455696106,0.0,0.5456973910331726,0.9685166175254974,0.000497278629577837,1748944098.7182622
1065,0.03296515345573425,-0.6752864718437195,0.0,0.4688129425048828,0.9685166175254974,0.0004972760788784648,1748944098.7804604
1066,0.028214039281010628,-0.7373427152633667,0.0,0.5629101991653442,0.9685166175254974,0.0004972735281921758,1748944098.8398237
1067,0.030040552839636803,-0.6625440716743469,0.0,0.45765042304992676,0.9685166175254974,0.0004972709775189701,1748944098.9017255
1068,0.03310948982834816,-0.5278265476226807,0.0,0.617285430431366,0.9685166175254974,0.0004972684268588478,1748944098.9631386
1069,0.02755257859826088,-0.6177539825439453,0.0,0.6397280097007751,0.9685166175254974,0.0004972658762118085,1748944099.0213716
1070,0.03652321919798851,-0.5428248643875122,0.0,0.66998690366745,0.9685166175254974,0.0004972633255778523,1748944099.0796344
1071,0.042890116572380066,-0.5563576221466064,0.0,0.5169539451599121,0.9685166175254974,0.000497260774956979,1748944099.139013
1072,0.030132843181490898,-0.7051507234573364,0.0,0.6090741753578186,0.9685166175254974,0.0004972582243491887,1748944099.1968582
1073,0.032330214977264404,-0.5792486667633057,0.0,0.5824419260025024,0.9685166175254974,0.0004972556737544814,1748944099.2557943
1074,0.02749994583427906,-0.6641185879707336,0.0,0.5035149455070496,0.9685166175254974,0.0004972531231728568,1748944099.314713
1075,0.03403506428003311,-0.4812254309654236,0.0,0.646558940410614,0.9685166175254974,0.000497250572604315,1748944099.3779738
1076,0.018594305962324142,-0.4697074890136719,0.0,0.3526717722415924,0.9685166175254974,0.0004972480220488557,1748944099.4395752
1077,0.036277756094932556,-0.6391966342926025,0.0,0.5589919090270996,0.9685166175254974,0.0004972454715064792,1748944099.4969368
1078,1.574865698814392,-0.502987265586853,0.0,0.7000524997711182,0.9685166175254974,0.0004972429209771852,1748944099.556989
1079,0.034123364835977554,-0.6309840679168701,0.0,0.655537486076355,0.9685166175254974,0.0004972403704609737,1748944099.618272
1080,0.024829167872667313,-0.5191823244094849,0.0,0.6478517055511475,0.9685166175254974,0.0004972378199578446,1748944099.6794028
1081,0.028267189860343933,-0.6593726873397827,0.0,0.35953760147094727,0.9685166175254974,0.0004972352694677976,1748944099.7390172
1082,0.026003673672676086,-0.5405362844467163,0.0,0.3781423568725586,0.9685166175254974,0.0004972327189908331,1748944099.7977326
1083,0.040843091905117035,-0.6092763543128967,0.0,0.5170572996139526,0.9685166175254974,0.0004972301685269508,1748944099.858199
1084,0.03342585265636444,-0.600136399269104,0.0,0.4971376955509186,0.9685166175254974,0.0004972276180761506,1748944099.920214
1085,0.026047352701425552,-0.6879768371582031,0.0,0.6582409739494324,0.9685166175254974,0.0004972250676384324,1748944099.9811559
1086,0.031093057245016098,-0.566021740436554,0.0,0.6772729158401489,0.9685166175254974,0.0004972225172137963,1748944100.0385132
1087,0.02240193448960781,-0.5317062735557556,0.0,0.4136323928833008,0.9685166175254974,0.000497219966802242,1748944100.0968652
1088,0.024709144607186317,-0.6836299896240234,0.0,0.5035074949264526,0.9685166175254974,0.0004972174164037697,1748944100.1547973
1089,0.030956264585256577,-0.6493672132492065,0.0,0.5767804384231567,0.9685166175254974,0.0004972148660183792,1748944100.213443
1090,0.02585279755294323,-0.5850523710250854,0.0,0.49839115142822266,0.9685166175254974,0.0004972123156460704,1748944100.2731524
1091,0.027325261384248734,-0.522014319896698,0.0,0.5497598052024841,0.9685166175254974,0.0004972097652868433,1748944100.3346643
1092,0.032723039388656616,-0.5495023727416992,0.0,0.5635974407196045,0.9685166175254974,0.0004972072149406978,1748944100.3965583
1093,0.034113481640815735,-0.8729733228683472,0.0,0.4795122742652893,0.9685166175254974,0.0004972046646076338,1748944100.4551935
1094,1.564500331878662,-0.6420185565948486,0.0,0.5826427936553955,0.9685166175254974,0.0004972021142876513,1748944100.5139902
1095,0.03581469506025314,-0.6749889254570007,0.0,0.6370578408241272,0.9685166175254974,0.0004971995639807502,1748944100.572022
1096,0.027372293174266815,-0.6698630452156067,0.0,0.4936722218990326,0.9685166175254974,0.0004971970136869303,1748944100.6311634
1097,0.02681172639131546,-0.6096619367599487,0.0,0.36381781101226807,0.9685166175254974,0.0004971944634061917,1748944100.6956766
1098,0.02819753810763359,-0.696789026260376,0.0,0.43380770087242126,0.9685166175254974,0.0004971919131385344,1748944100.7556312
1099,0.026696935296058655,-0.6693434715270996,0.0,0.42469480633735657,0.9685166175254974,0.0004971893628839581,1748944100.814531
1100,0.028922248631715775,-0.6032459735870361,0.0,0.5448085069656372,0.9685166175254974,0.000497186812642463,1748944100.8766105
1101,0.03167350962758064,-0.5672897696495056,0.0,0.5409632325172424,0.9685166175254974,0.0004971842624140488,1748944100.939698
1102,1.5676655769348145,-0.5584083199501038,0.0,0.559202253818512,0.9685166175254974,0.0004971817121987157,1748944100.9993513
1103,0.042316652834415436,-0.6398964524269104,0.0,0.5355054140090942,0.9685166175254974,0.0004971791619964633,1748944101.0628564
1104,0.024279151111841202,-0.5791874527931213,0.0,0.36680757999420166,0.9685166175254974,0.0004971766118072917,1748944101.122219
1105,0.027215193957090378,-0.5559709072113037,0.0,0.4588017165660858,0.9685166175254974,0.0004971740616312009,1748944101.1799002
1106,0.031945422291755676,-0.5639288425445557,0.0,0.5986426472663879,0.9685166175254974,0.0004971715114681906,1748944101.2375374
1107,0.024928011000156403,-0.5387123823165894,0.0,0.46154847741127014,0.9685166175254974,0.000497168961318261,1748944101.296682
1108,0.02535024657845497,-0.6476059556007385,0.0,0.4350332021713257,0.9685166175254974,0.0004971664111814119,1748944101.3558674
1109,0.04352875426411629,-0.5949966311454773,0.0,0.44131433963775635,0.9685166175254974,0.0004971638610576434,1748944101.4129574
1110,0.023329483345150948,-0.6460367441177368,0.0,0.47454628348350525,0.9685166175254974,0.0004971613109469551,1748944101.4709468
1111,0.0388355478644371,-0.79229736328125,0.0,0.6716690063476562,0.9685166175254974,0.0004971587608493472,1748944101.5307443
1112,0.02864176034927368,-0.6622411012649536,0.0,0.750649094581604,0.9685166175254974,0.0004971562107648196,1748944101.5878024
1113,0.03633999079465866,-0.6664927005767822,0.0,0.6308005452156067,0.9685166175254974,0.0004971536606933722,1748944101.6468453
1114,0.039453260600566864,-0.6652194261550903,0.0,0.583899974822998,0.9685166175254974,0.0004971511106350048,1748944101.7054093
1115,0.027564382180571556,-0.6912479996681213,0.0,0.48674750328063965,0.9685166175254974,0.0004971485605897175,1748944101.7694938
1116,0.03245415538549423,-0.5534639954566956,0.0,0.6524270176887512,0.9685166175254974,0.0004971460105575102,1748944101.831281
1117,0.030951881781220436,-0.4788009226322174,0.0,0.47984445095062256,0.9685166175254974,0.0004971434605383828,1748944101.8915074
1118,0.028941715136170387,-0.7546032667160034,0.0,0.4018276333808899,0.9685166175254974,0.0004971409105323354,1748944101.9539924
1119,0.02845282107591629,-0.6447075605392456,0.0,0.5205432772636414,0.9685166175254974,0.0004971383605393676,1748944102.0144646
1120,0.04921905696392059,-0.7175014019012451,0.0,0.6153663992881775,0.9685166175254974,0.0004971358105594797,1748944102.0727646
1121,0.02651715837419033,-0.7334520816802979,0.0,0.4991671144962311,0.9685166175254974,0.0004971332605926713,1748944102.1345968
1122,0.0235994104295969,-0.6488483548164368,0.0,0.4295341968536377,0.9685166175254974,0.0004971307106389426,1748944102.1966984
1123,0.022505881264805794,-0.6163322925567627,0.0,0.49937504529953003,0.9685166175254974,0.0004971281606982933,1748944102.2577455
1124,0.0387154221534729,-0.6237346529960632,0.0,0.8404818177223206,0.9685166175254974,0.0004971256107707234,1748944102.3198426
1125,0.030625831335783005,-0.6907477378845215,0.0,0.4323088824748993,0.9685166175254974,0.0004971230608562331,1748944102.3809261
1126,0.025129560381174088,-0.6845680475234985,0.0,0.42151880264282227,0.9685166175254974,0.0004971205109548221,1748944102.4398432
1127,0.019803138449788094,-0.605150043964386,0.0,0.4022027850151062,0.9685166175254974,0.0004971179610664901,1748944102.5001187
1128,0.04340541362762451,-0.6798486709594727,0.0,0.5445916056632996,0.9685166175254974,0.0004971154111912375,1748944102.5626044
1129,0.023281889036297798,-0.8010392189025879,0.0,0.4248790144920349,0.9685166175254974,0.0004971128613290639,1748944102.622715
1130,0.026155347004532814,-0.5624064207077026,0.0,0.390486478805542,0.9685166175254974,0.0004971103114799695,1748944102.6813297
1131,0.024416904896497726,-0.6144347190856934,0.0,0.4421684741973877,0.9685166175254974,0.000497107761643954,1748944102.7386851
1132,0.028514282777905464,-0.7960345149040222,0.0,0.3913300633430481,0.9685166175254974,0.0004971052118210174,1748944102.7983794
1133,0.026245513930916786,-0.5352744460105896,0.0,0.4622094929218292,0.9685166175254974,0.0004971026620111597,1748944102.8599854
1134,0.024563521146774292,-0.5967510938644409,0.0,0.3548543155193329,0.9685166175254974,0.0004971001122143807,1748944102.9217222
1135,0.025767851620912552,-0.689487099647522,0.0,0.43004125356674194,0.9685166175254974,0.0004970975624306805,1748944102.9802177
1136,0.023219864815473557,-0.5352102518081665,0.0,0.6361061334609985,0.9685166175254974,0.0004970950126600589,1748944103.038837
1137,0.03561420366168022,-0.6829982399940491,0.0,0.4870854616165161,0.9685166175254974,0.0004970924629025159,1748944103.101715
1138,0.02761208452284336,-0.7530656456947327,0.0,0.48254138231277466,0.9685166175254974,0.0004970899131580514,1748944103.1617556
1139,0.02597876265645027,-0.6997929811477661,0.0,0.4446800649166107,0.9685166175254974,0.0004970873634266653,1748944103.222528
1140,0.03678809106349945,-0.7610126733779907,0.0,0.6943364143371582,0.9685166175254974,0.0004970848137083576,1748944103.279855
1141,0.03576972708106041,-0.7011809349060059,0.0,0.5909905433654785,0.9685166175254974,0.0004970822640031283,1748944103.3392167
1142,0.03207344561815262,-0.5738131999969482,0.0,0.42612940073013306,0.9685166175254974,0.0004970797143109771,1748944103.397739
1143,0.025844037532806396,-0.4951183795928955,0.0,0.4276682734489441,0.9685166175254974,0.0004970771646319042,1748944103.455409
1144,0.02491120435297489,-0.6780498623847961,0.0,0.461687296628952,0.9685166175254974,0.0004970746149659094,1748944103.517917
1145,0.03472715616226196,-0.8084205389022827,0.0,0.5422426462173462,0.9685166175254974,0.0004970720653129925,1748944103.5788155
1146,0.032947197556495667,-0.7625837326049805,0.0,0.48399582505226135,0.9685166175254974,0.0004970695156731537,1748944103.6389754
1147,0.025004178285598755,-0.6896397471427917,0.0,0.5942674875259399,0.9685166175254974,0.0004970669660463928,1748944103.6967943
1148,0.02587716095149517,-0.7668360471725464,0.0,0.5023130178451538,0.9685166175254974,0.0004970644164327098,1748944103.7554579
1149,0.028441186994314194,-0.49094390869140625,0.0,0.6311135292053223,0.9685166175254974,0.0004970618668321045,1748944103.8146524
1150,0.025813110172748566,-0.6364721059799194,0.0,0.4424933195114136,0.9685166175254974,0.000497059317244577,1748944103.876892
1151,0.030906982719898224,-0.6941730976104736,0.0,0.48315441608428955,0.9685166175254974,0.000497056767670127,1748944103.9376345
1152,0.026500791311264038,-0.4605562090873718,0.0,0.5611301064491272,0.9685166175254974,0.0004970542181087546,1748944103.9967828
1153,0.03527718409895897,-0.6491686105728149,0.0,0.5348641276359558,0.9685166175254974,0.0004970516685604598,1748944104.054591
1154,0.026532668620347977,-0.586912989616394,0.0,0.49298885464668274,0.9685166175254974,0.0004970491190252423,1748944104.1152506
1155,0.026206981390714645,-0.541133463382721,0.0,0.3502448797225952,0.9685166175254974,0.0004970465695031022,1748944104.1769128
1156,0.031051184982061386,-0.6967387795448303,0.0,0.587078332901001,0.9685166175254974,0.0004970440199940395,1748944104.2389042
1157,0.023386362940073013,-0.6274914741516113,0.0,0.5021678805351257,0.9685166175254974,0.0004970414704980541,1748944104.2981384
1158,0.03603294491767883,-0.6109750270843506,0.0,0.639691948890686,0.9685166175254974,0.0004970389210151457,1748944104.3598306
1159,1.55978524684906,-0.6748133897781372,0.0,0.5057666897773743,0.9685166175254974,0.0004970363715453144,1748944104.4217896
1160,0.04017822444438934,-0.7480080127716064,0.0,0.6703698039054871,0.9685166175254974,0.0004970338220885602,1748944104.4809234
1161,0.028926396742463112,-0.45598989725112915,0.0,0.5086545944213867,0.9685166175254974,0.000497031272644883,1748944104.5386817
1162,0.04214400798082352,-0.7791687250137329,0.0,0.5350497364997864,0.9685166175254974,0.0004970287232142827,1748944104.5978694
1163,0.03597988933324814,-0.5058469772338867,0.0,0.5173750519752502,0.9685166175254974,0.0004970261737967592,1748944104.6577537
1164,0.02958296611905098,-0.6466943025588989,0.0,0.8232930302619934,0.9685166175254974,0.0004970236243923126,1748944104.7199533
1165,0.03312445431947708,-0.4642502963542938,0.0,0.5655903816223145,0.9685166175254974,0.0004970210750009425,1748944104.780584
1166,0.04450349509716034,-0.6120157837867737,0.0,0.5181313753128052,0.9685166175254974,0.0004970185256226491,1748944104.838821
1167,0.023547973483800888,-0.5776045918464661,0.0,0.37914368510246277,0.9685166175254974,0.0004970159762574324,1748944104.9007213
1168,0.03637612238526344,-0.523024320602417,0.0,0.5590136051177979,0.9685166175254974,0.000497013426905292,1748944104.962204
1169,0.03091328963637352,-0.571427583694458,0.0,0.4848631024360657,0.9685166175254974,0.0004970108775662281,1748944105.0214794
1170,1.563272476196289,-0.6622079610824585,0.0,0.41328781843185425,0.9685166175254974,0.0004970083282402406,1748944105.080443
1171,0.018828023225069046,-0.601510226726532,0.0,0.3497411012649536,0.9685166175254974,0.0004970057789273294,1748944105.138609
1172,0.023430965840816498,-0.7187108397483826,0.0,0.5931915044784546,0.9685166175254974,0.0004970032296274944,1748944105.1977966
1173,0.0284405630081892,-0.6052865982055664,0.0,0.4628773033618927,0.9685166175254974,0.0004970006803407356,1748944105.2569335
1174,0.034587323665618896,-0.7427377700805664,0.0,0.6106176972389221,0.9685166175254974,0.0004969981310670528,1748944105.319089
1175,0.03203650563955307,-0.5323030948638916,0.0,0.6391804218292236,0.9685166175254974,0.0004969955818064462,1748944105.378645
1176,0.03361394256353378,-0.6870043277740479,0.0,0.4175754487514496,0.9685166175254974,0.0004969930325589155,1748944105.4386303
1177,0.04020986706018448,-0.7151393890380859,0.0,0.6233341693878174,0.9685166175254974,0.0004969904833244606,1748944105.4978323
1178,0.02638331800699234,-0.5941835641860962,0.0,0.4498443305492401,0.9685166175254974,0.0004969879341030817,1748944105.5577855
1179,0.03068750724196434,-0.601369321346283,0.0,0.46477073431015015,0.9685166175254974,0.0004969853848947785,1748944105.6207197
1180,1.5634526014328003,-0.8334219455718994,0.0,0.6863571405410767,0.9685166175254974,0.000496982835699551,1748944105.6809306
1181,0.03165607899427414,-0.6510879993438721,0.0,0.5391860604286194,0.9685166175254974,0.0004969802865173991,1748944105.739999
1182,0.033600009977817535,-0.5567998886108398,0.0,0.4710821807384491,0.9685166175254974,0.0004969777373483227,1748944105.8020673
1183,0.03316270560026169,-0.4656527638435364,0.0,0.5536160469055176,0.9685166175254974,0.0004969751881923218,1748944105.8633811
1184,0.03176390007138252,-0.6551069021224976,0.0,0.8407184481620789,0.9685166175254974,0.0004969726390493963,1748944105.9218888
1185,0.02267463132739067,-0.7129197120666504,0.0,0.44351962208747864,0.9685166175254974,0.0004969700899195463,1748944105.9819508
1186,1.5615953207015991,-0.6532542705535889,0.0,0.41526055335998535,0.9685166175254974,0.0004969675408027716,1748944106.042353
1187,0.02279898338019848,-0.6721059679985046,0.0,0.3806123733520508,0.9685166175254974,0.000496964991699072,1748944106.1039593
1188,0.021888885647058487,-0.5518794655799866,0.0,0.32489094138145447,0.9685166175254974,0.0004969624426084476,1748944106.1646233
1189,0.04085841402411461,-0.5171881318092346,0.0,0.6997314095497131,0.9685166175254974,0.0004969598935308983,1748944106.222592
1190,0.03762563690543175,-0.6426158547401428,0.0,0.5393486618995667,0.9685166175254974,0.000496957344466424,1748944106.2878633
1191,0.029069745913147926,-0.6643317937850952,0.0,0.5386549830436707,0.9685166175254974,0.0004969547954150247,1748944106.3479881
1192,0.02398790419101715,-0.6585257053375244,0.0,0.5933127403259277,0.9685166175254974,0.0004969522463767003,1748944106.4096165
1193,0.021373584866523743,-0.6185967922210693,0.0,0.5232723951339722,0.9685166175254974,0.0004969496973514508,1748944106.4720361
1194,0.018418923020362854,-0.6504082679748535,0.0,0.4147433638572693,0.9685166175254974,0.000496947148339276,1748944106.5297542
1195,0.036186911165714264,-0.6700162291526794,0.0,0.7030958533287048,0.9685166175254974,0.0004969445993401758,1748944106.5886743
1196,0.03286123275756836,-0.710046112537384,0.0,0.7864078879356384,0.9685166175254974,0.0004969420503541502,1748944106.647102
1197,0.024504486471414566,-0.6651897430419922,0.0,1.0075441598892212,0.9685166175254974,0.0004969395013811992,1748944106.704337
1198,0.03219209611415863,-0.6121015548706055,0.0,0.656316339969635,0.9685166175254974,0.0004969369524213228,1748944106.763257
1199,0.0319833941757679,-0.7064788341522217,0.0,0.6623543500900269,0.9685166175254974,0.0004969344034745207,1748944106.8214881
1200,0.03004220873117447,-0.5473917722702026,0.0,0.6393136382102966,0.9685166175254974,0.000496931854540793,1748944106.880825
1201,0.031118549406528473,-0.6942343711853027,0.0,0.6993197202682495,0.9685166175254974,0.0004969293056201396,1748944106.9466336
1202,0.028258036822080612,-0.5323547720909119,0.0,0.5051723122596741,0.9685166175254974,0.0004969267567125604,1748944107.0083468
1203,0.015109430067241192,-0.45794105529785156,0.0,0.5078598260879517,0.9685166175254974,0.0004969242078180553,1748944107.0709622
1204,0.023322248831391335,-0.6278500556945801,0.0,0.4942222535610199,0.9685166175254974,0.0004969216589366243,1748944107.1331272
1205,0.02575826644897461,-0.5366959571838379,0.0,0.39261168241500854,0.9650835121090168,0.0004969191100682675,1748944107.1924372
1206,0.029230210930109024,-0.514877438545227,0.0,0.5008330345153809,0.9650835121090168,0.0004969165612129844,1748944107.2545366
1207,0.016181671991944313,-0.6334128975868225,0.0,0.42875465750694275,0.9650835121090168,0.0004969140123707754,1748944107.3125584
1208,0.03232615441083908,-0.5967113375663757,0.0,0.49334269762039185,0.9650835121090168,0.00049691146354164,1748944107.372708
1209,0.0173652283847332,-0.572321891784668,0.0,0.38599470257759094,0.9650835121090168,0.0004969089147255785,1748944107.4309287
1210,0.02850508689880371,-0.7322813272476196,0.0,0.6663443446159363,0.9650835121090168,0.0004969063659225907,1748944107.489899
1211,0.025369279086589813,-0.6053797602653503,0.0,0.44061365723609924,0.9650835121090168,0.0004969038171326764,1748944107.549065
1212,0.026963047683238983,-0.5582504272460938,0.0,0.4270864725112915,0.9650835121090168,0.0004969012683558357,1748944107.6090133
1213,0.030928602442145348,-0.5306215286254883,0.0,0.5172938704490662,0.9650835121090168,0.0004968987195920685,1748944107.6719222
1214,0.03065694123506546,-0.5873985886573792,0.0,0.5113502144813538,0.9650835121090168,0.0004968961708413748,1748944107.7310798
1215,0.024568621069192886,-0.6377661824226379,0.0,0.46206405758857727,0.9650835121090168,0.0004968936221037543,1748944107.7886987
1216,1.5768524408340454,-0.5780701041221619,0.0,0.6592783331871033,0.9650835121090168,0.0004968910733792072,1748944107.8469524
1217,0.02894049510359764,-0.5982016324996948,0.0,0.43849167227745056,0.9650835121090168,0.0004968885246677332,1748944107.9053261
1218,0.023875810205936432,-0.5901687145233154,0.0,0.39141735434532166,0.9650835121090168,0.0004968859759693324,1748944107.963517
1219,0.029400553554296494,-0.689002513885498,0.0,0.5518439412117004,0.9650835121090168,0.0004968834272840048,1748944108.0219722
1220,0.027596209198236465,-0.6088989973068237,0.0,0.49952223896980286,0.9650835121090168,0.00049688087861175,1748944108.0815413
1221,0.031187640503048897,-0.5144686698913574,0.0,0.6547305583953857,0.9650835121090168,0.0004968783299525683,1748944108.1469066
1222,0.023985594511032104,-0.5895807147026062,0.0,0.5112535357475281,0.9650835121090168,0.0004968757813064593,1748944108.2056615
1223,0.029797732830047607,-0.617111086845398,0.0,0.3799465000629425,0.9650835121090168,0.0004968732326734233,1748944108.265862
1224,0.023830439895391464,-0.7292053699493408,0.0,0.4987327456474304,0.9650835121090168,0.00049687068405346,1748944108.3301883
1225,0.031365543603897095,-0.6111665368080139,0.0,0.5045994520187378,0.9650835121090168,0.0004968681354465694,1748944108.389874
1226,0.030719859525561333,-0.64183109998703,0.0,0.5438416600227356,0.9650835121090168,0.0004968655868527514,1748944108.4512777
1227,0.030962957069277763,-0.5055593848228455,0.0,0.6163070797920227,0.9650835121090168,0.0004968630382720058,1748944108.5136056
1228,0.0332435704767704,-0.6245973110198975,0.0,0.35700374841690063,0.9650835121090168,0.0004968604897043329,1748944108.5721474
1229,0.02824823558330536,-0.5860777497291565,0.0,0.3810921311378479,0.9650835121090168,0.0004968579411497322,1748944108.6303256
1230,0.025721702724695206,-0.6197571754455566,0.0,0.3693374693393707,0.9650835121090168,0.000496855392608204,1748944108.689033
1231,0.03214484453201294,-0.6831613183021545,0.0,0.5904251933097839,0.9650835121090168,0.000496852844079748,1748944108.7487583
1232,0.022778671234846115,-0.8021644353866577,0.0,0.5041102170944214,0.9650835121090168,0.0004968502955643642,1748944108.8080688
1233,0.01958979293704033,-0.6492862701416016,0.0,0.4393506646156311,0.9650835121090168,0.0004968477470620526,1748944108.871641
1234,0.036725956946611404,-0.6547871232032776,0.0,0.6165660619735718,0.9650835121090168,0.000496845198572813,1748944108.9321837
1235,0.04283011332154274,-0.47738611698150635,0.0,0.4308028519153595,0.9650835121090168,0.0004968426500966455,1748944108.9920561
1236,0.022038059309124947,-0.5339221358299255,0.0,0.2887086868286133,0.9650835121090168,0.0004968401016335499,1748944109.0531356
1237,0.02805221453309059,-0.6290911436080933,0.0,0.5350486636161804,0.9650835121090168,0.0004968375531835261,1748944109.1136975
1238,0.018420949578285217,-0.594851016998291,0.0,0.3426843285560608,0.9650835121090168,0.0004968350047465743,1748944109.1731467
1239,0.022767093032598495,-0.5398024320602417,0.0,0.6530596017837524,0.9650835121090168,0.000496832456322694,1748944109.2353137
1240,0.019774921238422394,-0.7268192768096924,0.0,0.43589285016059875,0.9650835121090168,0.0004968299079118855,1748944109.2975767
1241,0.022664323449134827,-0.5248980522155762,0.0,0.42822790145874023,0.9650835121090168,0.0004968273595141486,1748944109.3553052
1242,0.02558823674917221,-0.6753014326095581,0.0,0.5783919095993042,0.9650835121090168,0.0004968248111294832,1748944109.4132698
1243,0.026236627250909805,-0.6406776905059814,0.0,0.36817434430122375,0.9650835121090168,0.0004968222627578893,1748944109.4727807
1244,0.03121316432952881,-0.62529456615448,0.0,0.5557016730308533,0.9650835121090168,0.0004968197143993668,1748944109.5303764
1245,0.02196790650486946,-0.6669418811798096,0.0,0.42470234632492065,0.9650835121090168,0.0004968171660539156,1748944109.5907414
1246,0.022584963589906693,-0.6160814762115479,0.0,0.5240302085876465,0.9650835121090168,0.0004968146177215358,1748944109.6496272
1247,0.027604058384895325,-0.6648508310317993,0.0,0.6001290678977966,0.9650835121090168,0.000496812069402227,1748944109.7100544
1248,0.02839619293808937,-0.5224616527557373,0.0,0.5308988094329834,0.9650835121090168,0.0004968095210959895,1748944109.7733345
1249,0.02507442608475685,-0.5528151392936707,0.0,0.35134148597717285,0.9650835121090168,0.000496806972802823,1748944109.833501
1250,0.03108397126197815,-0.6662459969520569,0.0,0.39612114429473877,0.9650835121090168,0.0004968044245227275,1748944109.8968453
1251,0.02712944522500038,-0.5427811741828918,0.0,0.4137471914291382,0.9650835121090168,0.0004968018762557029,1748944109.9555216
1252,0.02402370795607567,-0.5294968485832214,0.0,0.4046313166618347,0.9650835121090168,0.0004967993280017493,1748944110.013731
1253,0.03781386464834213,-0.4147123396396637,0.0,0.5346620678901672,0.9650835121090168,0.0004967967797608664,1748944110.0723963
1254,0.04417569190263748,-0.6046098470687866,0.0,0.793023943901062,0.9650835121090168,0.0004967942315330543,1748944110.1332567
1255,0.03227769210934639,-0.6557829976081848,0.0,0.5305411219596863,0.9650835121090168,0.0004967916833183127,1748944110.1952515
1256,0.029282519593834877,-0.7013699412345886,0.0,0.44066721200942993,0.9650835121090168,0.0004967891351166419,1748944110.2568178
1257,0.026886751875281334,-0.6128615140914917,0.0,0.6396085023880005,0.9650835121090168,0.0004967865869280415,1748944110.316857
1258,0.026742300018668175,-0.6229021549224854,0.0,0.5615928769111633,0.9650835121090168,0.0004967840387525116,1748944110.3789566
1259,0.028914352878928185,-0.4662451446056366,0.0,0.5118927359580994,0.9650835121090168,0.0004967814905900522,1748944110.4392567
1260,0.0332941934466362,-0.5258471369743347,0.0,0.5740864276885986,0.9650835121090168,0.000496778942440663,1748944110.501339
1261,1.5575801134109497,-0.6373547315597534,0.0,0.5180481672286987,0.9650835121090168,0.000496776394304344,1748944110.562877
1262,0.024729110300540924,-0.5016205310821533,0.0,0.5464998483657837,0.9650835121090168,0.0004967738461810954,1748944110.6217458
1263,0.03528803586959839,-0.7352859973907471,0.0,0.6233214139938354,0.9650835121090168,0.0004967712980709168,1748944110.6807537
1264,0.024024996906518936,-0.6113194227218628,0.0,0.34353503584861755,0.9650835121090168,0.0004967687499738083,1748944110.7400057
1265,0.023951999843120575,-0.6011435389518738,0.0,0.46889549493789673,0.9650835121090168,0.0004967662018897698,1748944110.7994049
1266,0.030015891417860985,-0.5692940950393677,0.0,0.45143696665763855,0.9650835121090168,0.0004967636538188012,1748944110.8599007
1267,0.026457004249095917,-0.5020415782928467,0.0,0.44731709361076355,0.9650835121090168,0.0004967611057609025,1748944110.9218833
1268,0.017911702394485474,-0.6180776953697205,0.0,0.41110745072364807,0.9650835121090168,0.0004967585577160735,1748944110.9806952
1269,0.028601882979273796,-0.6265414357185364,0.0,0.6164482831954956,0.9650835121090168,0.0004967560096843144,1748944111.038582
1270,0.025035709142684937,-0.5486953258514404,0.0,0.3583832085132599,0.9650835121090168,0.0004967534616656248,1748944111.0968168
1271,0.017048215493559837,-0.46633297204971313,0.0,0.3159191608428955,0.9650835121090168,0.0004967509136600049,1748944111.1556826
1272,0.033008307218551636,-0.8038360476493835,0.0,0.5701680779457092,0.9650835121090168,0.0004967483656674545,1748944111.2134912
1273,1.5736591815948486,-0.5701446533203125,0.0,0.5808348655700684,0.9650835121090168,0.0004967458176879736,1748944111.2727385
1274,0.03228820860385895,-0.6288416385650635,0.0,0.45743483304977417,0.9650835121090168,0.000496743269721562,1748944111.3303378
1275,0.024227546527981758,-0.6501673460006714,0.0,0.68055260181427,0.9650835121090168,0.0004967407217682198,1748944111.3888958
1276,0.025130800902843475,-0.6009582281112671,0.0,0.44409647583961487,0.9650835121090168,0.0004967381738279468,1748944111.4469879
1277,0.02041882462799549,-0.5547289848327637,0.0,0.3238648772239685,0.9650835121090168,0.000496735625900743,1748944111.5054553
1278,0.02995207905769348,-0.6343508958816528,0.0,0.853044331073761,0.9650835121090168,0.0004967330779866083,1748944111.5636408
1279,0.02205733396112919,-0.5036748051643372,0.0,0.36939358711242676,0.9650835121090168,0.0004967305300855428,1748944111.621983
1280,0.030604172497987747,-0.6880273818969727,0.0,0.5342957377433777,0.9650835121090168,0.0004967279821975461,1748944111.6808662
1281,0.027362413704395294,-0.44044870138168335,0.0,0.34477195143699646,0.9650835121090168,0.0004967254343226185,1748944111.7388027
1282,0.0224064439535141,-0.4881761968135834,0.0,0.3817569315433502,0.9650835121090168,0.0004967228864607596,1748944111.797765
1283,0.02871868573129177,-0.5960208773612976,0.0,0.37816593050956726,0.9650835121090168,0.0004967203386119696,1748944111.8588448
1284,0.031666941940784454,-0.7158470153808594,0.0,0.5482373237609863,0.9650835121090168,0.0004967177907762482,1748944111.9216523
1285,0.023309530690312386,-0.5435962080955505,0.0,0.41603022813796997,0.9650835121090168,0.0004967152429535956,1748944111.979755
1286,0.023185107856988907,-0.5216569900512695,0.0,0.6105800271034241,0.9650835121090168,0.0004967126951440115,1748944112.0389237
1287,0.03213337063789368,-0.7379844784736633,0.0,0.5785334706306458,0.9650835121090168,0.000496710147347496,1748944112.0979598
1288,0.018912944942712784,-0.5624226331710815,0.0,0.3297831416130066,0.9650835121090168,0.0004967075995640489,1748944112.1550496
1289,0.01725488156080246,-0.4912910461425781,0.0,0.3514428436756134,0.9650835121090168,0.0004967050517936701,1748944112.214478
1290,0.021374613046646118,-0.581735372543335,0.0,0.3876003623008728,0.9650835121090168,0.0004967025040363598,1748944112.2744117
1291,0.01960017718374729,-0.4900643527507782,0.0,0.39527571201324463,0.9650835121090168,0.0004966999562921176,1748944112.335502
1292,0.027870049700140953,-0.5479483604431152,0.0,0.4609266519546509,0.9650835121090168,0.0004966974085609437,1748944112.396839
1293,0.04734831303358078,-0.48724478483200073,0.0,0.5441877841949463,0.9650835121090168,0.0004966948608428379,1748944112.4555485
1294,0.03378698229789734,-0.4383372366428375,0.0,0.6212128400802612,0.9650835121090168,0.0004966923131378,1748944112.5143387
1295,0.03246350586414337,-0.6148467063903809,0.0,0.6446024179458618,0.9650835121090168,0.0004966897654458302,1748944112.5757742
1296,0.017080018296837807,-0.6668328046798706,0.0,0.5326107144355774,0.9650835121090168,0.0004966872177669283,1748944112.6355653
1297,0.04091596603393555,-0.631269097328186,0.0,0.5051151514053345,0.9650835121090168,0.0004966846701010944,1748944112.6968637
1298,0.015268342569470406,-0.5018381476402283,0.0,0.25886163115501404,0.9650835121090168,0.0004966821224483281,1748944112.755182
1299,0.031544968485832214,-0.5963281393051147,0.0,0.5228302478790283,0.9650835121090168,0.0004966795748086295,1748944112.8137736
1300,0.029814476147294044,-0.6577600836753845,0.0,0.5218450427055359,0.9650835121090168,0.0004966770271819987,1748944112.8728988
1301,0.030496029183268547,-0.5952476263046265,0.0,1.0562926530838013,0.9650835121090168,0.0004966744795684353,1748944112.9300501
1302,0.026532867923378944,-0.6812625527381897,0.0,0.34887439012527466,0.9650835121090168,0.0004966719319679396,1748944112.9885619
1303,0.0197884663939476,-0.5695237517356873,0.0,0.3562968075275421,0.9650835121090168,0.0004966693843805112,1748944113.0466738
1304,0.0308452807366848,-0.5594894886016846,0.0,0.7689657211303711,0.9650835121090168,0.0004966668368061503,1748944113.1052673
1305,0.023412499576807022,-0.47016042470932007,0.0,0.38012200593948364,0.9650835121090168,0.0004966642892448566,1748944113.164331
1306,0.020452747121453285,-0.535109281539917,0.0,0.3176479935646057,0.9650835121090168,0.0004966617416966302,1748944113.2297895
1307,0.02982904762029648,-0.601691484451294,0.0,0.4677314758300781,0.9650835121090168,0.0004966591941614711,1748944113.2899935
1308,0.020314862951636314,-0.6194992065429688,0.0,0.31935620307922363,0.9650835121090168,0.000496656646639379,1748944113.350024
1309,0.02143009379506111,-0.5393422842025757,0.0,0.34962913393974304,0.9650835121090168,0.0004966540991303539,1748944113.4133675
1310,0.023813454434275627,-0.5693509578704834,0.0,0.5990703105926514,0.9650835121090168,0.0004966515516343958,1748944113.472128
1311,0.03205390274524689,-0.5558900237083435,0.0,0.4143045246601105,0.9650835121090168,0.0004966490041515047,1748944113.531261
1312,0.023137403652071953,-0.6134889125823975,0.0,0.4305327236652374,0.9650835121090168,0.0004966464566816804,1748944113.5902455
1313,0.021975679323077202,-0.5928297638893127,0.0,0.35192546248435974,0.9650835121090168,0.0004966439092249228,1748944113.6538994
1314,0.027467474341392517,-0.4472702741622925,0.0,0.3925319314002991,0.9650835121090168,0.0004966413617812321,1748944113.7137623
1315,0.020699527114629745,-0.758078932762146,0.0,0.5976166725158691,0.9650835121090168,0.0004966388143506079,1748944113.772469
1316,0.02302734926342964,-0.6960616111755371,0.0,0.8278080224990845,0.9650835121090168,0.0004966362669330503,1748944113.8298397
1317,0.024873530492186546,-0.6604925394058228,0.0,0.3886142373085022,0.9650835121090168,0.0004966337195285591,1748944113.8887951
1318,0.031674422323703766,-0.7811679840087891,0.0,0.48779013752937317,0.9650835121090168,0.0004966311721371345,1748944113.947786
1319,0.023468198254704475,-0.47488653659820557,0.0,0.40497222542762756,0.9650835121090168,0.0004966286247587762,1748944114.0066123
1320,0.021660201251506805,-0.48990026116371155,0.0,0.4894716143608093,0.9650835121090168,0.0004966260773934842,1748944114.0692768
1321,0.03032691217958927,-0.7946239113807678,0.0,0.5481709837913513,0.9650835121090168,0.0004966235300412586,1748944114.1303117
1322,0.03197867423295975,-0.6582810282707214,0.0,0.6205775737762451,0.9650835121090168,0.0004966209827020991,1748944114.189695
1323,0.029202446341514587,-0.49678221344947815,0.0,0.5205823183059692,0.9650835121090168,0.0004966184353760056,1748944114.2489538
1324,0.02416123077273369,-0.566899299621582,0.0,0.4584563970565796,0.9650835121090168,0.0004966158880629782,1748944114.3101754
1325,0.022577792406082153,-0.6195703744888306,0.0,0.5169936418533325,0.9650835121090168,0.0004966133407630168,1748944114.3706026
1326,0.03927246853709221,-0.6136411428451538,0.0,0.9047777652740479,0.9650835121090168,0.0004966107934761213,1748944114.430903
1327,0.04326431453227997,-0.6990402340888977,0.0,0.8528655171394348,0.9650835121090168,0.0004966082462022916,1748944114.49442
1328,0.027337461709976196,-0.6420075297355652,0.0,0.4402451515197754,0.9650835121090168,0.0004966056989415277,1748944114.5548615
1329,0.017419714480638504,-0.6657713055610657,0.0,0.32038936018943787,0.9650835121090168,0.0004966031516938296,1748944114.613835
1330,0.030175812542438507,-0.5532387495040894,0.0,0.49852320551872253,0.9650835121090168,0.0004966006044591969,1748944114.6725147
1331,0.029322141781449318,-0.6344355344772339,0.0,0.6708349585533142,0.9650835121090168,0.00049659805723763,1748944114.7313454
1332,0.02587573416531086,-0.6034887433052063,0.0,0.5958669185638428,0.9650835121090168,0.0004965955100291285,1748944114.7898562
1333,0.03154812380671501,-0.5938251614570618,0.0,0.7319955825805664,0.9650835121090168,0.0004965929628336925,1748944114.8511348
1334,0.02082693763077259,-0.5231947302818298,0.0,0.5564955472946167,0.9650835121090168,0.0004965904156513218,1748944114.9130836
1335,0.025321491062641144,-0.5910075306892395,0.0,0.38073286414146423,0.9650835121090168,0.0004965878684820164,1748944114.9737349
1336,0.024678347632288933,-0.6749361753463745,0.0,0.5436491966247559,0.9650835121090168,0.0004965853213257762,1748944115.035768
1337,0.038702480494976044,-0.7106843590736389,0.0,0.6376713514328003,0.9650835121090168,0.0004965827741826014,1748944115.0975895
1338,0.02553754299879074,-0.6638549566268921,0.0,0.4924292266368866,0.9650835121090168,0.0004965802270524915,1748944115.1568952
1339,0.02968764677643776,-0.708086371421814,0.0,0.6336575746536255,0.9650835121090168,0.0004965776799354467,1748944115.2186263
1340,0.02083544433116913,-0.5970526933670044,0.0,0.7607682943344116,0.9650835121090168,0.0004965751328314668,1748944115.2803304
1341,0.0225930567830801,-0.556944727897644,0.0,0.3936256468296051,0.9650835121090168,0.0004965725857405519,1748944115.3388731
1342,0.024341078475117683,-0.6888983845710754,0.0,0.6186297535896301,0.9650835121090168,0.0004965700386627018,1748944115.3977332
1343,0.04300966113805771,-0.5096806287765503,0.0,0.4412773847579956,0.9650835121090168,0.0004965674915979164,1748944115.4553044
1344,0.020897064357995987,-0.47526365518569946,0.0,0.4266437292098999,0.9650835121090168,0.0004965649445461958,1748944115.5145144
1345,0.03188430517911911,-0.5984095931053162,0.0,0.6900009512901306,0.9650835121090168,0.0004965623975075398,1748944115.5731869
1346,1.5605437755584717,-0.49417775869369507,0.0,0.5702229142189026,0.9650835121090168,0.0004965598504819484,1748944115.6345036
1347,0.022671576589345932,-0.6346879005432129,0.0,0.5318338871002197,0.9650835121090168,0.0004965573034694214,1748944115.696795
1348,0.03994408994913101,-0.6157407760620117,0.0,0.6055314540863037,0.9650835121090168,0.0004965547564699588,1748944115.7565324
1349,0.028426462784409523,-0.4406532645225525,0.0,0.5407741069793701,0.9650835121090168,0.0004965522094835607,1748944115.818779
1350,0.034693844616413116,-0.5227055549621582,0.0,0.6577738523483276,0.9650835121090168,0.0004965496625102269,1748944115.87971
1351,1.561140775680542,-0.5695459842681885,0.0,0.5207463502883911,0.9650835121090168,0.0004965471155499573,1748944115.9388363
1352,0.029990769922733307,-0.6114401817321777,0.0,0.5887053608894348,0.9650835121090168,0.0004965445686027518,1748944115.9969695
1353,0.029589936137199402,-0.5417563319206238,0.0,0.42209485173225403,0.9650835121090168,0.0004965420216686105,1748944116.055561
1354,0.025110477581620216,-0.5964908003807068,0.0,0.38853880763053894,0.9650835121090168,0.0004965394747475331,1748944116.113878
1355,0.04627014696598053,-0.5989847779273987,0.0,0.7408426403999329,0.9650835121090168,0.0004965369278395198,1748944116.171817
1356,0.041033945977687836,-0.6315556168556213,0.0,0.6482012271881104,0.9650835121090168,0.0004965343809445703,1748944116.2317686
1357,0.03578446805477142,-0.525351345539093,0.0,0.5349205136299133,0.9650835121090168,0.0004965318340626847,1748944116.2926474
1358,0.03178586810827255,-0.5922773480415344,0.0,0.5034013390541077,0.9650835121090168,0.0004965292871938629,1748944116.3552682
1359,0.02963928133249283,-0.5118035078048706,0.0,0.6308282613754272,0.9650835121090168,0.0004965267403381047,1748944116.414446
1360,0.024492952972650528,-0.6872987747192383,0.0,0.5197944045066833,0.9650835121090168,0.0004965241934954102,1748944116.4787724
1361,0.038150008767843246,-0.5547224283218384,0.0,0.5194387435913086,0.9650835121090168,0.0004965216466657792,1748944116.538738
1362,0.024374965578317642,-0.6721126437187195,0.0,0.6569391489028931,0.9650835121090168,0.0004965190998492116,1748944116.5969465
1363,0.02166759967803955,-0.4988625645637512,0.0,0.3989594578742981,0.9650835121090168,0.0004965165530457076,1748944116.656685
1364,0.038368821144104004,-0.5673226118087769,0.0,0.8097842931747437,0.9650835121090168,0.0004965140062552669,1748944116.7153947
1365,0.031464092433452606,-0.7226436138153076,0.0,0.5054259896278381,0.9650835121090168,0.0004965114594778895,1748944116.7777433
1366,0.032431840896606445,-0.61594158411026,0.0,0.8161216974258423,0.9650835121090168,0.0004965089127135754,1748944116.8387573
1367,0.015493668615818024,-0.6582033634185791,0.0,0.31758221983909607,0.9650835121090168,0.0004965063659623243,1748944116.8966737
1368,0.027441034093499184,-0.7226946949958801,0.0,0.34549763798713684,0.9650835121090168,0.0004965038192241364,1748944116.9554582
1369,0.019981080666184425,-0.7312033176422119,0.0,0.4884357452392578,0.9650835121090168,0.0004965012724990115,1748944117.0154061
1370,0.037004172801971436,-0.6799750328063965,0.0,0.39802858233451843,0.9650835121090168,0.0004964987257869496,1748944117.0792968
1371,0.02372663840651512,-0.623106837272644,0.0,0.48173195123672485,0.9650835121090168,0.0004964961790879504,1748944117.1391869
1372,0.04479949176311493,-0.5278087854385376,0.0,0.512763500213623,0.9650835121090168,0.0004964936324020143,1748944117.2020996
1373,0.048665471374988556,-0.7287791967391968,0.0,0.5635198950767517,0.9650835121090168,0.0004964910857291409,1748944117.263752
1374,0.02587554231286049,-0.7216299772262573,0.0,0.4157411754131317,0.9650835121090168,0.0004964885390693301,1748944117.323461
1375,0.03339284658432007,-0.531886100769043,0.0,0.49186211824417114,0.9650835121090168,0.0004964859924225819,1748944117.3866224
1376,0.02857380546629429,-0.5509887933731079,0.0,0.3599660098552704,0.9650835121090168,0.0004964834457888963,1748944117.4466195
1377,0.03764384612441063,-0.4910688102245331,0.0,0.4062262177467346,0.9650835121090168,0.0004964808991682731,1748944117.506819
1378,0.03246071934700012,-0.49842727184295654,0.0,0.39299657940864563,0.9650835121090168,0.0004964783525607125,1748944117.568858
1379,0.03191596642136574,-0.5641242265701294,0.0,0.3621436059474945,0.9650835121090168,0.0004964758059662141,1748944117.6297472
1380,0.03319059684872627,-0.5995849370956421,0.0,0.492377907037735,0.9650835121090168,0.0004964732593847781,1748944117.6887107
1381,0.027318358421325684,-0.567162275314331,0.0,0.4002452790737152,0.9650835121090168,0.0004964707128164044,1748944117.7467659
1382,0.02047075890004635,-0.5521947741508484,0.0,0.4220890700817108,0.9650835121090168,0.0004964681662610927,1748944117.8068666
1383,0.023974331095814705,-0.578208863735199,0.0,0.41548314690589905,0.9650835121090168,0.000496465619718843,1748944117.866779
1384,0.025052160024642944,-0.5845586061477661,0.0,0.4104973077774048,0.9650835121090168,0.0004964630731896554,1748944117.928854
1385,0.031087107956409454,-0.6464722156524658,0.0,0.4728023409843445,0.9650835121090168,0.0004964605266735299,1748944117.9888709
1386,0.02140112593770027,-0.7045702338218689,0.0,0.3413930833339691,0.9650835121090168,0.0004964579801704662,1748944118.0466914
1387,0.02188716270029545,-0.5409877300262451,0.0,0.355007529258728,0.9650835121090168,0.0004964554336804643,1748944118.1067302
1388,0.028220325708389282,-0.6205291748046875,0.0,0.4366758167743683,0.9650835121090168,0.0004964528872035242,1748944118.1667697
1389,1.5586957931518555,-0.6164571642875671,0.0,0.48910579085350037,0.9650835121090168,0.0004964503407396458,1748944118.2296534
1390,0.03799153119325638,-0.5265563130378723,0.0,0.6895546913146973,0.9650835121090168,0.0004964477942888288,1748944118.288799
1391,0.03792812302708626,-0.5621069669723511,0.0,0.5357228517532349,0.9650835121090168,0.0004964452478510736,1748944118.346707
1392,0.02474163845181465,-0.5369608998298645,0.0,0.5652356147766113,0.9650835121090168,0.0004964427014263798,1748944118.4059212
1393,0.02866337075829506,-0.692287266254425,0.0,0.43171027302742004,0.9650835121090168,0.0004964401550147475,1748944118.4631963
1394,0.03261224180459976,-0.6289983987808228,0.0,0.7025484442710876,0.9650835121090168,0.0004964376086161764,1748944118.5238945
1395,0.01641923002898693,-0.646867573261261,0.0,0.46275830268859863,0.9650835121090168,0.0004964350622306666,1748944118.5870066
1396,0.03644169867038727,-0.5294722318649292,0.0,0.60063636302948,0.9650835121090168,0.0004964325158582181,1748944118.6477427
1397,0.033212266862392426,-0.678912878036499,0.0,0.545870840549469,0.9650835121090168,0.0004964299694988307,1748944118.7081242
1398,0.026317842304706573,-0.6747345924377441,0.0,0.41096755862236023,0.9650835121090168,0.0004964274231525044,1748944118.7680597
1399,0.019053203985095024,-0.6026400327682495,0.0,0.5112464427947998,0.9650835121090168,0.0004964248768192392,1748944118.8301208
1400,0.02609831839799881,-0.5746212005615234,0.0,0.4568284749984741,0.9650835121090168,0.0004964223304990348,1748944118.8901637
1401,1.5625050067901611,-0.5404529571533203,0.0,0.6164094805717468,0.9650835121090168,0.0004964197841918913,1748944118.948823
1402,0.02779199928045273,-0.6167334914207458,0.0,0.5673057436943054,0.9650835121090168,0.0004964172378978086,1748944119.0098941
1403,0.03145317733287811,-0.6103560328483582,0.0,0.537566065788269,0.9650835121090168,0.0004964146916167868,1748944119.0724502
1404,0.03147521987557411,-0.5980440974235535,0.0,0.4320680797100067,0.9650835121090168,0.0004964121453488255,1748944119.1298087
1405,0.02766464650630951,-0.4463306963443756,0.0,0.3590536415576935,0.9616632384830293,0.0004964095990939249,1748944119.1897871
1406,0.022888217121362686,-0.5925310254096985,0.0,0.42203035950660706,0.9616632384830293,0.0004964070528520849,1748944119.2488234
1407,1.553100347518921,-0.6055436730384827,0.0,0.5302823185920715,0.9616632384830293,0.0004964045066233054,1748944119.3116992
1408,0.031167715787887573,-0.8035756349563599,0.0,0.6624835133552551,0.9616632384830293,0.0004964019604075862,1748944119.3718877
1409,0.030138297006487846,-0.6053542494773865,0.0,0.4331585764884949,0.9616632384830293,0.0004963994142049274,1748944119.4319124
1410,0.019756518304347992,-0.7124989032745361,0.0,0.37499871850013733,0.9616632384830293,0.0004963968680153289,1748944119.492803
1411,0.027290644124150276,-0.6094184517860413,0.0,0.5084685683250427,0.9616632384830293,0.0004963943218387905,1748944119.5544612
1412,1.555999994277954,-0.6643406748771667,0.0,0.7592318654060364,0.9616632384830293,0.0004963917756753124,1748944119.614651
1413,0.03860585764050484,-0.7677738666534424,0.0,0.6677535772323608,0.9616632384830293,0.0004963892295248943,1748944119.6751828
1414,0.022573215886950493,-0.8148348331451416,0.0,0.5716816782951355,0.9616632384830293,0.0004963866833875361,1748944119.7390897
1415,0.03037833608686924,-0.6923077702522278,0.0,0.5724175572395325,0.9616632384830293,0.0004963841372632381,1748944119.7968163
1416,1.5514932870864868,-0.5794187188148499,0.0,0.6727295517921448,0.9616632384830293,0.0004963815911519998,1748944119.8553836
1417,0.01647121086716652,-0.7079593539237976,0.0,0.4536392390727997,0.9616632384830293,0.0004963790450538213,1748944119.914309
1418,0.019860753789544106,-0.5055739283561707,0.0,0.48128455877304077,0.9616632384830293,0.0004963764989687026,1748944119.9767592
1419,0.025045888498425484,-0.6266262531280518,0.0,0.49777087569236755,0.9616632384830293,0.0004963739528966436,1748944120.0379574
1420,0.026192395016551018,-0.5087854862213135,0.0,0.3484184145927429,0.9616632384830293,0.0004963714068376441,1748944120.0988925
1421,0.024965504184365273,-0.39075616002082825,0.0,0.4411487877368927,0.9616632384830293,0.0004963688607917043,1748944120.1576767
1422,0.03153021261096001,-0.5987244248390198,0.0,0.6596217155456543,0.9616632384830293,0.0004963663147588239,1748944120.2238429
1423,0.027187958359718323,-0.6417570114135742,0.0,0.6967028975486755,0.9616632384830293,0.0004963637687390028,1748944120.2878313
1424,0.028125246986746788,-0.7165712118148804,0.0,0.6033429503440857,0.9616632384830293,0.0004963612227322411,1748944120.3489642
1425,0.046225301921367645,-0.5226374864578247,0.0,0.4472462832927704,0.9616632384830293,0.0004963586767385387,1748944120.4113774
1426,0.020425867289304733,-0.5509227514266968,0.0,0.48128071427345276,0.9616632384830293,0.0004963561307578955,1748944120.4720743
1427,0.026858417317271233,-0.49590080976486206,0.0,0.49107158184051514,0.9616632384830293,0.0004963535847903115,1748944120.530802
1428,0.024964774027466774,-0.5075845122337341,0.0,0.3675936758518219,0.9616632384830293,0.0004963510388357865,1748944120.5893033
1429,0.045548513531684875,-0.7548534870147705,0.0,0.492259681224823,0.9616632384830293,0.0004963484928943206,1748944120.6478968
1430,0.023799292743206024,-0.5165653824806213,0.0,0.5296084880828857,0.9616632384830293,0.0004963459469659136,1748944120.7082725
1431,0.03602355718612671,-0.5654183030128479,0.0,0.5612927675247192,0.9616632384830293,0.0004963434010505654,1748944120.7724345
1432,0.04618513211607933,-0.6282953023910522,0.0,0.46449148654937744,0.9616632384830293,0.000496340855148276,1748944120.8320513
1433,0.03317707031965256,-0.6036561131477356,0.0,0.4382189214229584,0.9616632384830293,0.0004963383092590455,1748944120.8949513
1434,0.027833610773086548,-0.5174198150634766,0.0,0.4559426009654999,0.9616632384830293,0.0004963357633828735,1748944120.955453
1435,0.025152288377285004,-0.5553346872329712,0.0,0.4726478159427643,0.9616632384830293,0.0004963332175197602,1748944121.0138454
1436,0.025618791580200195,-0.4519546627998352,0.0,0.3473348915576935,0.9616632384830293,0.0004963306716697053,1748944121.072541
1437,0.025554805994033813,-0.4880501627922058,0.0,0.402952641248703,0.9616632384830293,0.000496328125832709,1748944121.130896
1438,0.021043114364147186,-0.5640039443969727,0.0,0.5838145613670349,0.9616632384830293,0.0004963255800087711,1748944121.1900198
1439,0.025445476174354553,-0.5755831599235535,0.0,0.5671663284301758,0.9616632384830293,0.0004963230341978915,1748944121.2491274
1440,1.5592117309570312,-0.5557733774185181,0.0,0.5690212845802307,0.9616632384830293,0.0004963204884000702,1748944121.307729
1441,0.03277822956442833,-0.5717267990112305,0.0,0.4636420011520386,0.9616632384830293,0.0004963179426153071,1748944121.3695674
1442,0.023471254855394363,-0.5999177694320679,0.0,0.4176972508430481,0.9616632384830293,0.0004963153968436021,1748944121.4318366
1443,0.030719317495822906,-0.5286455154418945,0.0,0.5150604248046875,0.9616632384830293,0.0004963128510849552,1748944121.4911418
1444,0.019663318991661072,-0.541553258895874,0.0,0.3839566707611084,0.9616632384830293,0.0004963103053393662,1748944121.5526934
1445,0.02690492570400238,-0.6015477180480957,0.0,0.5266379714012146,0.9616632384830293,0.0004963077596068353,1748944121.6148694
1446,0.03372437134385109,-0.722305417060852,0.0,0.5164041519165039,0.9616632384830293,0.0004963052138873622,1748944121.6780498
1447,0.020544249564409256,-0.6041527986526489,0.0,0.4165324568748474,0.9616632384830293,0.0004963026681809469,1748944121.7389128
1448,0.026980726048350334,-0.6605730652809143,0.0,0.4174293279647827,0.9616632384830293,0.0004963001224875893,1748944121.7992208
1449,0.026368645951151848,-0.5989949107170105,0.0,0.5077072381973267,0.9616632384830293,0.0004962975768072894,1748944121.862106
1450,0.02374754659831524,-0.5523571968078613,0.0,0.47035688161849976,0.9616632384830293,0.0004962950311400471,1748944121.921655
1451,0.016116566956043243,-0.6518063545227051,0.0,0.44818514585494995,0.9616632384830293,0.0004962924854858623,1748944121.9812539
1452,0.017342660576105118,-0.6674540042877197,0.0,0.3398240804672241,0.9616632384830293,0.0004962899398447349,1748944122.0401056
1453,0.02672058343887329,-0.5496789216995239,0.0,0.5495896339416504,0.9616632384830293,0.000496287394216665,1748944122.1027527
1454,0.03130608797073364,-0.5485817193984985,0.0,0.46125051379203796,0.9616632384830293,0.0004962848486016524,1748944122.1646714
1455,0.03386693447828293,-0.640831708908081,0.0,0.5914603471755981,0.9616632384830293,0.0004962823029996972,1748944122.2242427
1456,0.023317106068134308,-0.4565632939338684,0.0,0.33336958289146423,0.9616632384830293,0.0004962797574107991,1748944122.2879791
1457,0.024796606972813606,-0.7145290374755859,0.0,0.3369999825954437,0.9616632384830293,0.000496277211834958,1748944122.3477836
1458,0.033705681562423706,-0.4969075322151184,0.0,0.4025425910949707,0.9616632384830293,0.0004962746662721742,1748944122.4069934
1459,0.047889187932014465,-0.6710962057113647,0.0,0.5719130039215088,0.9616632384830293,0.0004962721207224472,1748944122.4689984
1460,0.029873184859752655,-0.7144290208816528,0.0,0.5361164212226868,0.9616632384830293,0.0004962695751857772,1748944122.530097
1461,0.026729483157396317,-0.5946438312530518,0.0,0.43456217646598816,0.9616632384830293,0.000496267029662164,1748944122.5886343
1462,0.023367200046777725,-0.5761672258377075,0.0,0.394844114780426,0.9616632384830293,0.0004962644841516076,1748944122.6478913
1463,0.018304195255041122,-0.6183980703353882,0.0,0.3314930200576782,0.9616632384830293,0.0004962619386541081,1748944122.7058606
1464,1.5584659576416016,-0.7321653366088867,0.0,0.5721309185028076,0.9616632384830293,0.0004962593931696651,1748944122.7688162
1465,1.549275279045105,-0.586410403251648,0.0,0.508392333984375,0.9616632384830293,0.0004962568476982788,1748944122.8307562
1466,0.0279083251953125,-0.6579742431640625,0.0,0.634040117263794,0.9616632384830293,0.0004962543022399489,1748944122.8897986
1467,1.5707759857177734,-0.6337522864341736,0.0,0.7472565770149231,0.9616632384830293,0.0004962517567946756,1748944122.9486458
1468,0.031804412603378296,-0.5913419723510742,0.0,0.4241502583026886,0.9616632384830293,0.0004962492113624586,1748944123.0077775
1469,0.025322625413537025,-0.5050545930862427,0.0,0.41193267703056335,0.9616632384830293,0.000496246665943298,1748944123.071839
1470,0.025356922298669815,-0.5999729037284851,0.0,0.5087335109710693,0.9616632384830293,0.0004962441205371936,1748944123.1309226
1471,0.025208253413438797,-0.5790565609931946,0.0,0.3631173372268677,0.9616632384830293,0.0004962415751441453,1748944123.1922464
1472,0.022113939747214317,-0.7171264886856079,0.0,0.49522095918655396,0.9616632384830293,0.0004962390297641533,1748944123.2529445
1473,0.016152620315551758,-0.49780896306037903,0.0,0.39456260204315186,0.9616632384830293,0.0004962364843972173,1748944123.3142157
1474,0.018470704555511475,-0.6810818910598755,0.0,0.377593070268631,0.9616632384830293,0.0004962339390433373,1748944123.373717
1475,0.02732415683567524,-0.6579129099845886,0.0,0.9070816040039062,0.9616632384830293,0.0004962313937025132,1748944123.4346929
1476,0.030564401298761368,-0.5374011397361755,0.0,0.6591932773590088,0.9616632384830293,0.000496228848374745,1748944123.4965508
1477,1.537381649017334,-0.6301432847976685,0.0,0.4554339051246643,0.9616632384830293,0.0004962263030600325,1748944123.5550854
1478,0.028143426403403282,-0.6065701246261597,0.0,0.5113223791122437,0.9616632384830293,0.0004962237577583759,1748944123.61411
1479,0.021110162138938904,-0.5255043506622314,0.0,0.30149194598197937,0.9616632384830293,0.0004962212124697748,1748944123.6714406
1480,0.025853827595710754,-0.6960301995277405,0.0,0.7221235036849976,0.9616632384830293,0.0004962186671942292,1748944123.7306244
1481,0.030911169946193695,-0.5344356298446655,0.0,0.35875174403190613,0.9616632384830293,0.0004962161219317393,1748944123.7907143
1482,0.02895454503595829,-0.6006399989128113,0.0,0.5256351828575134,0.9616632384830293,0.0004962135766823048,1748944123.8496091
1483,1.5726298093795776,-0.6567452549934387,0.0,0.7740036249160767,0.9616632384830293,0.0004962110314459257,1748944123.910232
1484,1.5546598434448242,-0.6005204916000366,0.0,0.7029826045036316,0.9616632384830293,0.0004962084862226019,1748944123.9733987
1485,0.01664932444691658,-0.5423300266265869,0.0,0.3240364193916321,0.9616632384830293,0.0004962059410123334,1748944124.034972
1486,0.025837410241365433,-0.699895441532135,0.0,0.3998537063598633,0.9616632384830293,0.0004962033958151201,1748944124.096886
1487,0.02141963317990303,-0.6743460893630981,0.0,0.5016658306121826,0.9616632384830293,0.0004962008506309619,1748944124.1566405
1488,0.03014112077653408,-0.7129631638526917,0.0,0.5528080463409424,0.9616632384830293,0.0004961983054598587,1748944124.2218888
1489,0.02146906405687332,-0.5381317138671875,0.0,0.4686896800994873,0.9616632384830293,0.0004961957603018105,1748944124.2808135
1490,0.029445845633745193,-0.7130512595176697,0.0,0.6453415751457214,0.9616632384830293,0.0004961932151568173,1748944124.3389852
1491,0.022780396044254303,-0.6355282068252563,0.0,0.5302304029464722,0.9616632384830293,0.0004961906700248789,1748944124.3977575
1492,0.028794877231121063,-0.5933363437652588,0.0,0.544444739818573,0.9616632384830293,0.0004961881249059952,1748944124.455295
1493,0.03347782418131828,-0.5964614152908325,0.0,0.681000828742981,0.9616632384830293,0.0004961855798001663,1748944124.5141873
1494,0.026457972824573517,-0.5853061676025391,0.0,0.7276329398155212,0.9616632384830293,0.0004961830347073921,1748944124.572193
1495,0.025275439023971558,-0.5744655132293701,0.0,0.4007640779018402,0.9616632384830293,0.0004961804896276725,1748944124.6311877
1496,0.021869275718927383,-0.500944972038269,0.0,0.32814279198646545,0.9616632384830293,0.0004961779445610073,1748944124.6896687
1497,0.02373417466878891,-0.6829344630241394,0.0,0.4387110471725464,0.9616632384830293,0.0004961753995073966,1748944124.7470307
1498,0.02489362470805645,-0.6669272780418396,0.0,0.3836478590965271,0.9616632384830293,0.0004961728544668404,1748944124.8051574
1499,0.03015763871371746,-0.5762799978256226,0.0,0.5131849050521851,0.9616632384830293,0.0004961703094393384,1748944124.8632429
1500,0.022084331139922142,-0.6667381525039673,0.0,0.4171004295349121,0.9616632384830293,0.0004961677644248906,1748944124.9223711
1501,0.05545052886009216,-0.5670879483222961,0.0,1.3424667119979858,0.9616632384830293,0.0004961652194234971,1748944124.980885
1502,0.044237516820430756,-0.7070852518081665,0.0,0.9398585557937622,0.9616632384830293,0.0004961626744351576,1748944125.038553
1503,0.03902552276849747,-0.5223734974861145,0.0,0.6397666335105896,0.9616632384830293,0.0004961601294598723,1748944125.0975351
1504,1.545967936515808,-0.684869647026062,0.0,0.7814862132072449,0.9616632384830293,0.0004961575844976409,1748944125.1583335
1505,0.049452945590019226,-0.9283740520477295,0.0,1.023712158203125,0.9616632384830293,0.0004961550395484634,1748944125.2213764
1506,0.040507759898900986,-0.6284621953964233,0.0,0.8250476717948914,0.9616632384830293,0.0004961524946123398,1748944125.2801924
1507,0.03918972983956337,-0.8286727666854858,0.0,1.011020541191101,0.9616632384830293,0.0004961499496892699,1748944125.3386166
1508,0.040163554251194,-0.7563528418540955,0.0,0.8320474028587341,0.9616632384830293,0.0004961474047792538,1748944125.397954
1509,0.03287243843078613,-0.8734936714172363,0.0,0.5871365666389465,0.9616632384830293,0.0004961448598822914,1748944125.4559731
1510,0.0316893607378006,-0.7646718621253967,0.0,0.5270971655845642,0.9616632384830293,0.0004961423149983824,1748944125.5144382
1511,0.04193068668246269,-0.528363049030304,0.0,0.6958533525466919,0.9616632384830293,0.000496139770127527,1748944125.5765862
1512,0.03737415373325348,-0.7600175738334656,0.0,0.8653310537338257,0.9616632384830293,0.0004961372252697251,1748944125.6379201
1513,0.04681519418954849,-0.7090305089950562,0.0,0.8242360949516296,0.9616632384830293,0.0004961346804249765,1748944125.6978295
1514,0.03582311421632767,-0.5806471705436707,0.0,0.6653704643249512,0.9616632384830293,0.0004961321355932813,1748944125.7554693
1515,0.03974820300936699,-0.8207124471664429,0.0,0.7281494736671448,0.9616632384830293,0.0004961295907746393,1748944125.8147252
1516,0.05240119993686676,-0.6731166839599609,0.0,0.7152476906776428,0.9616632384830293,0.0004961270459690505,1748944125.8731344
1517,0.027722075581550598,-0.7351760864257812,0.0,0.8195173740386963,0.9616632384830293,0.0004961245011765147,1748944125.9328265
1518,0.04794306308031082,-0.8688399195671082,0.0,1.1021130084991455,0.9616632384830293,0.0004961219563970321,1748944125.9979331
1519,0.03525266423821449,-0.776056170463562,0.0,0.7774254083633423,0.9616632384830293,0.0004961194116306024,1748944126.0570207
1520,0.035278886556625366,-0.8010293245315552,0.0,0.5497804880142212,0.9616632384830293,0.0004961168668772257,1748944126.1208045
1521,0.04204460233449936,-0.6459802389144897,0.0,0.7381073832511902,0.9616632384830293,0.0004961143221369018,1748944126.181172
1522,0.04554184153676033,-0.6853227615356445,0.0,1.1344778537750244,0.9616632384830293,0.0004961117774096306,1748944126.239216
1523,0.036791060119867325,-0.5501880645751953,0.0,1.2185792922973633,0.9616632384830293,0.0004961092326954121,1748944126.296903
1524,0.042299844324588776,-0.605558454990387,0.0,1.1927927732467651,0.9616632384830293,0.0004961066879942464,1748944126.3565853
1525,0.046772368252277374,-0.7130535840988159,0.0,0.7149788737297058,0.9616632384830293,0.0004961041433061332,1748944126.4206088
1526,0.04716186970472336,-0.711801290512085,0.0,1.360095739364624,0.9616632384830293,0.0004961015986310724,1748944126.481122
1527,0.03954685479402542,-0.7254357933998108,0.0,1.3332408666610718,0.9616632384830293,0.0004960990539690642,1748944126.5389953
1528,0.043793484568595886,-0.8848191499710083,0.0,1.3690341711044312,0.9616632384830293,0.0004960965093201083,1748944126.5968797
1529,0.059129729866981506,-0.670214056968689,0.0,1.2022889852523804,0.9616632384830293,0.0004960939646842047,1748944126.6558006
1530,0.028802145272493362,-0.696020245552063,0.0,0.4913252294063568,0.9616632384830293,0.0004960914200613534,1748944126.713167
1531,0.04301492124795914,-0.5716419219970703,0.0,0.9836190342903137,0.9616632384830293,0.0004960888754515542,1748944126.772226
1532,0.047055743634700775,-0.6059197187423706,0.0,1.6673208475112915,0.9616632384830293,0.0004960863308548072,1748944126.8311174
1533,0.045243486762046814,-0.6700055599212646,0.0,1.0521055459976196,0.9616632384830293,0.0004960837862711122,1748944126.8896306
1534,0.04033998027443886,-0.6305092573165894,0.0,0.7241596579551697,0.9616632384830293,0.0004960812417004691,1748944126.9519854
1535,0.031237047165632248,-0.6248008608818054,0.0,0.6949928402900696,0.9616632384830293,0.000496078697142878,1748944127.0132346
1536,0.042554013431072235,-0.663873553276062,0.0,0.5933367609977722,0.9616632384830293,0.0004960761525983387,1748944127.0735867
1537,0.03795100748538971,-1.0373868942260742,0.0,0.9625095725059509,0.9616632384830293,0.0004960736080668512,1748944127.1323261
1538,0.04787512123584747,-0.8740611672401428,0.0,1.346129059791565,0.9616632384830293,0.0004960710635484154,1748944127.1935585
1539,0.0338040292263031,-0.8470795154571533,0.0,1.2711254358291626,0.9616632384830293,0.0004960685190430312,1748944127.255278
1540,0.031033450737595558,-0.82330322265625,0.0,0.708789587020874,0.9616632384830293,0.0004960659745506987,1748944127.3132489
1541,0.03947969153523445,-0.8862649202346802,0.0,0.8514187335968018,0.9616632384830293,0.0004960634300714175,1748944127.3723726
1542,0.0372966006398201,-0.7375752925872803,0.0,0.5544948577880859,0.9616632384830293,0.0004960608856051879,1748944127.431317
1543,0.029330037534236908,-0.6276334524154663,0.0,0.7336573004722595,0.9616632384830293,0.0004960583411520097,1748944127.4909449
1544,0.03534836322069168,-0.440338671207428,0.0,0.567478597164154,0.9616632384830293,0.0004960557967118827,1748944127.5516064
1545,0.03308744356036186,-0.5556533336639404,0.0,0.668065071105957,0.9616632384830293,0.000496053252284807,1748944127.6139586
1546,0.033235520124435425,-0.5674467086791992,0.0,0.7353517413139343,0.9616632384830293,0.0004960507078707823,1748944127.6718903
1547,0.026588698849081993,-0.686689555644989,0.0,0.4717826843261719,0.9616632384830293,0.0004960481634698089,1748944127.7301667
1548,1.5623834133148193,-0.798841655254364,0.0,0.6281728148460388,0.9616632384830293,0.0004960456190818865,1748944127.7899213
1549,0.03542611375451088,-0.690349280834198,0.0,0.5700582265853882,0.9616632384830293,0.000496043074707015,1748944127.854019
1550,0.030690204352140427,-0.6875151991844177,0.0,0.5362897515296936,0.9616632384830293,0.0004960405303451945,1748944127.913406
1551,0.03388644754886627,-0.7751466631889343,0.0,1.0843698978424072,0.9616632384830293,0.0004960379859964248,1748944127.9722896
1552,0.021257376298308372,-0.7048432230949402,0.0,0.4812670946121216,0.9616632384830293,0.0004960354416607059,1748944128.0314074
1553,0.022734541445970535,-0.6903923153877258,0.0,0.5175469517707825,0.9616632384830293,0.0004960328973380376,1748944128.088782
1554,0.037700120359659195,-0.6035630106925964,0.0,0.5397600531578064,0.9616632384830293,0.00049603035302842,1748944128.1479807
1555,0.03182367980480194,-0.6748526096343994,0.0,0.7887477874755859,0.9616632384830293,0.000496027808731853,1748944128.2051134
1556,0.04001104086637497,-0.6584926843643188,0.0,0.8488244414329529,0.9616632384830293,0.0004960252644483365,1748944128.2640774
1557,0.024489380419254303,-0.6205905079841614,0.0,0.4356537163257599,0.9616632384830293,0.0004960227201778704,1748944128.3232288
1558,0.032377637922763824,-0.7476170063018799,0.0,0.8714634776115417,0.9616632384830293,0.0004960201759204546,1748944128.3835485
1559,0.028242435306310654,-0.7556825876235962,0.0,0.5612517595291138,0.9616632384830293,0.0004960176316760892,1748944128.4477673
1560,0.03207723796367645,-0.8441530466079712,0.0,1.0508123636245728,0.9616632384830293,0.000496015087444774,1748944128.5054564
1561,0.02849201112985611,-0.7743188142776489,0.0,0.5633894205093384,0.9616632384830293,0.000496012543226509,1748944128.5640318
1562,0.03532237932085991,-0.6419841051101685,0.0,0.5209254026412964,0.9616632384830293,0.000496009999021294,1748944128.6222718
1563,0.033383116126060486,-0.7914571166038513,0.0,0.6733197569847107,0.9616632384830293,0.0004960074548291291,1748944128.6816583
1564,0.0483548566699028,-0.7179386615753174,0.0,0.6283262372016907,0.9616632384830293,0.0004960049106500142,1748944128.7404623
1565,0.03616476431488991,-0.6457098722457886,0.0,0.9989872574806213,0.9616632384830293,0.0004960023664839493,1748944128.8017676
1566,0.03315931186079979,-0.9115378856658936,0.0,0.7881002426147461,0.9616632384830293,0.000495999822330934,1748944128.8635836
1567,0.02925286255776882,-0.6931907534599304,0.0,0.8476573824882507,0.9616632384830293,0.0004959972781909686,1748944128.9223003
1568,0.023681627586483955,-0.6226730346679688,0.0,0.5038728713989258,0.9616632384830293,0.0004959947340640529,1748944128.980928
1569,0.023073455318808556,-0.6821467876434326,0.0,0.6172036528587341,0.9616632384830293,0.0004959921899501868,1748944129.042035
1570,0.04381875321269035,-0.7976053953170776,0.0,0.9663578867912292,0.9616632384830293,0.0004959896458493703,1748944129.1023588
1571,0.04592294245958328,-0.8649015426635742,0.0,0.8794598579406738,0.9616632384830293,0.0004959871017616032,1748944129.1648977
1572,0.03631243109703064,-0.6762619018554688,0.0,0.9186050891876221,0.9616632384830293,0.0004959845576868856,1748944129.223278
1573,0.03796922788023949,-0.7024978995323181,0.0,0.5175155997276306,0.9616632384830293,0.0004959820136252173,1748944129.2820582
1574,0.0255616195499897,-0.7591544389724731,0.0,0.7465702295303345,0.9616632384830293,0.0004959794695765984,1748944129.346985
1575,0.03565356135368347,-0.7143925428390503,0.0,0.6823111176490784,0.9616632384830293,0.0004959769255410288,1748944129.4054892
1576,0.036170460283756256,-0.7039259672164917,0.0,0.7315046787261963,0.9616632384830293,0.0004959743815185081,1748944129.463437
1577,0.02793968841433525,-0.7124887704849243,0.0,0.5693528056144714,0.9616632384830293,0.0004959718375090367,1748944129.5212138
1578,0.03400034084916115,-0.7909132242202759,0.0,0.7171500325202942,0.9616632384830293,0.0004959692935126144,1748944129.5807126
1579,0.02337172068655491,-0.7417694926261902,0.0,0.6045829653739929,0.9616632384830293,0.0004959667495292408,1748944129.6395414
1580,0.03716159611940384,-0.7558622360229492,0.0,0.6429600119590759,0.9616632384830293,0.0004959642055589162,1748944129.696814
1581,0.025590360164642334,-0.8639267683029175,0.0,1.0489246845245361,0.9616632384830293,0.0004959616616016405,1748944129.7548122
1582,0.036005012691020966,-0.7364159822463989,0.0,0.9829790592193604,0.9616632384830293,0.0004959591176574136,1748944129.813593
1583,0.04063938558101654,-0.7971396446228027,0.0,0.5592055916786194,0.9616632384830293,0.0004959565737262352,1748944129.8723323
1584,0.04669063538312912,-0.6555246114730835,0.0,0.9427744150161743,0.9616632384830293,0.0004959540298081056,1748944129.9304852
1585,0.031547605991363525,-0.7235615253448486,0.0,0.7957948446273804,0.9616632384830293,0.0004959514859030245,1748944129.9888408
1586,0.033067166805267334,-0.7549389600753784,0.0,0.7052260041236877,0.9616632384830293,0.000495948942010992,1748944130.0468764
1587,0.03145619481801987,-0.6640574932098389,0.0,0.7402551174163818,0.9616632384830293,0.0004959463981320078,1748944130.1058075
1588,0.031075477600097656,-0.7647386789321899,0.0,0.6490984559059143,0.9616632384830293,0.0004959438542660719,1748944130.1642048
1589,0.02791600488126278,-0.6886307597160339,0.0,0.40716928243637085,0.9616632384830293,0.0004959413104131844,1748944130.222263
1590,0.028432181105017662,-0.8015409111976624,0.0,0.935120165348053,0.9616632384830293,0.0004959387665733452,1748944130.280769
1591,0.03475990891456604,-0.8219971656799316,0.0,0.6902301907539368,0.9616632384830293,0.0004959362227465539,1748944130.3393934
1592,0.02853008173406124,-0.7352180480957031,0.0,0.6368462443351746,0.9616632384830293,0.000495933678932811,1748944130.398137
1593,0.028352990746498108,-0.7679579257965088,0.0,0.6806529760360718,0.9616632384830293,0.0004959311351321159,1748944130.4565432
1594,0.04171124845743179,-0.7448325753211975,0.0,0.8676689863204956,0.9616632384830293,0.0004959285913444689,1748944130.514365
1595,0.030618689954280853,-0.6185221672058105,0.0,0.7029638290405273,0.9616632384830293,0.0004959260475698698,1748944130.5747018
1596,0.029132675379514694,-0.6630178093910217,0.0,0.90464848279953,0.9616632384830293,0.0004959235038083183,1748944130.6382596
1597,0.02781427651643753,-0.750434935092926,0.0,0.7394638061523438,0.9616632384830293,0.0004959209600598147,1748944130.6990285
1598,0.03403148800134659,-0.6760347485542297,0.0,0.55820631980896,0.9616632384830293,0.0004959184163243588,1748944130.7626204
1599,0.03101816028356552,-0.7398408055305481,0.0,0.8056036829948425,0.9616632384830293,0.0004959158726019506,1748944130.8219905
1600,0.025998570024967194,-0.6641958951950073,0.0,0.810092031955719,0.9616632384830293,0.0004959133288925899,1748944130.8803272
1601,0.042614709585905075,-0.9213859438896179,0.0,1.3420392274856567,0.9616632384830293,0.0004959107851962766,1748944130.939023
1602,0.04303994029760361,-0.7810174226760864,0.0,0.7492057085037231,0.9616632384830293,0.0004959082415130109,1748944130.9969354
1603,0.029962264001369476,-0.8285199999809265,0.0,0.593217134475708,0.9616632384830293,0.0004959056978427924,1748944131.055225
1604,0.027262676507234573,-0.8308422565460205,0.0,0.5328624844551086,0.9616632384830293,0.0004959031541856213,1748944131.1137583
1605,0.02411660924553871,-0.8130548596382141,0.0,0.6043899059295654,0.9582557486866288,0.0004959006105414973,1748944131.1725101
1606,0.02127038687467575,-0.8116044998168945,0.0,0.6598237156867981,0.9582557486866288,0.0004958980669104205,1748944131.23193
1607,0.03468857705593109,-0.7960259914398193,0.0,0.8731405138969421,0.9582557486866288,0.0004958955232923909,1748944131.2933383
1608,0.043965622782707214,-0.6575286984443665,0.0,1.2342079877853394,0.9582557486866288,0.0004958929796874082,1748944131.3555646
1609,0.036488570272922516,-0.7081783413887024,0.0,0.7166089415550232,0.9582557486866288,0.0004958904360954725,1748944131.4144716
1610,0.032646771520376205,-0.7817674875259399,0.0,0.6773691177368164,0.9582557486866288,0.0004958878925165836,1748944131.4734955
1611,0.01904560811817646,-0.8202974200248718,0.0,0.5639588832855225,0.9582557486866288,0.0004958853489507416,1748944131.5342355
1612,0.03090360015630722,-0.808236300945282,0.0,0.8805022835731506,0.9582557486866288,0.0004958828053979464,1748944131.59402
1613,0.03336677700281143,-0.7669909000396729,0.0,0.8264049887657166,0.9582557486866288,0.0004958802618581978,1748944131.6560018
1614,0.030780039727687836,-0.6877321004867554,0.0,0.6079891324043274,0.9582557486866288,0.0004958777183314958,1748944131.7154229
1615,0.030779825523495674,-0.9313486814498901,0.0,0.5095771551132202,0.9582557486866288,0.0004958751748178404,1748944131.7797863
1616,0.031168373301625252,-0.9730298519134521,0.0,0.6164281964302063,0.9582557486866288,0.0004958726313172315,1748944131.8388975
1617,0.027264177799224854,-0.5433356761932373,0.0,0.6989705562591553,0.9582557486866288,0.000495870087829669,1748944131.8970108
1618,0.02868529036641121,-0.7903861999511719,0.0,0.8318957090377808,0.9582557486866288,0.000495867544355153,1748944131.956977
1619,0.026538129895925522,-0.7985303401947021,0.0,0.5210747122764587,0.9582557486866288,0.000495865000893683,1748944132.020962
1620,0.03560259938240051,-0.5583351254463196,0.0,0.5693004131317139,0.9582557486866288,0.0004958624574452594,1748944132.0810113
1621,0.020971175283193588,-0.6207106113433838,0.0,0.5778929591178894,0.9582557486866288,0.000495859914009882,1748944132.1390133
1622,0.027229268103837967,-0.635633111000061,0.0,0.845323920249939,0.9582557486866288,0.0004958573705875505,1748944132.1979718
1623,0.03128182142972946,-0.8461462259292603,0.0,0.8692979216575623,0.9582557486866288,0.0004958548271782651,1748944132.2569652
1624,0.03423793613910675,-0.8565651178359985,0.0,0.5728082656860352,0.9582557486866288,0.0004958522837820257,1748944132.321122
1625,0.028471069410443306,-0.8825031518936157,0.0,0.4890224039554596,0.9582557486866288,0.0004958497403988322,1748944132.3813505
1626,0.025532275438308716,-0.9091783165931702,0.0,0.6722615957260132,0.9582557486866288,0.0004958471970286845,1748944132.4418223
1627,0.02144106663763523,-0.9208422899246216,0.0,0.569149911403656,0.9582557486866288,0.0004958446536715825,1748944132.5017674
1628,0.02983066439628601,-0.7759248614311218,0.0,0.9143796563148499,0.9582557486866288,0.0004958421103275262,1748944132.5632553
1629,0.020131293684244156,-0.578048586845398,0.0,0.43647176027297974,0.9582557486866288,0.0004958395669965155,1748944132.6236894
1630,0.01854366809129715,-0.6630264520645142,0.0,0.6123033165931702,0.9582557486866288,0.0004958370236785504,1748944132.686806
1631,0.02314550057053566,-0.6592499017715454,0.0,0.6806114912033081,0.9582557486866288,0.0004958344803736307,1748944132.7480943
1632,0.02677994966506958,-0.6012610197067261,0.0,0.7259539365768433,0.9582557486866288,0.0004958319370817566,1748944132.8113194
1633,0.027487564831972122,-0.6932083964347839,0.0,0.5750331878662109,0.9582557486866288,0.0004958293938029276,1748944132.8729854
1634,0.028002511709928513,-0.7387474775314331,0.0,0.6656339764595032,0.9582557486866288,0.000495826850537144,1748944132.9333322
1635,0.04359878599643707,-0.7650184035301208,0.0,0.9130298495292664,0.9582557486866288,0.0004958243072844056,1748944132.9937544
1636,0.02370721846818924,-0.7887400388717651,0.0,0.6323291659355164,0.9582557486866288,0.0004958217640447124,1748944133.0553534
1637,0.028518185019493103,-0.8500020503997803,0.0,0.8952866792678833,0.9582557486866288,0.0004958192208180642,1748944133.1141865
1638,0.021695006638765335,-0.7534087896347046,0.0,0.5420655608177185,0.9582557486866288,0.000495816677604461,1748944133.1735203
1639,0.026072386652231216,-0.6589639186859131,0.0,0.6854048371315002,0.9582557486866288,0.0004958141344039028,1748944133.2397063
1640,0.02464669942855835,-0.7653675079345703,0.0,0.5914871692657471,0.9582557486866288,0.0004958115912163895,1748944133.301152
1641,0.029965287074446678,-0.662230372428894,0.0,0.8327261209487915,0.9582557486866288,0.000495809048041921,1748944133.3633525
1642,0.018607506528496742,-0.5978379845619202,0.0,0.551293671131134,0.9582557486866288,0.0004958065048804973,1748944133.4242678
1643,0.02303745225071907,-0.6209179162979126,0.0,0.485461562871933,0.9582557486866288,0.0004958039617321182,1748944133.48392
1644,0.026109833270311356,-0.7006528377532959,0.0,0.8731366395950317,0.9582557486866288,0.0004958014185967837,1748944133.5450623
1645,0.03637051582336426,-0.7005704641342163,0.0,0.9265646934509277,0.9582557486866288,0.0004957988754744938,1748944133.6066372
1646,0.028495658189058304,-0.8269776105880737,0.0,0.562415599822998,0.9582557486866288,0.0004957963323652483,1748944133.6647027
1647,0.026552792638540268,-0.8348215818405151,0.0,0.509512186050415,0.9582557486866288,0.0004957937892690473,1748944133.7269754
1648,0.0268637053668499,-0.7373448610305786,0.0,0.5112491250038147,0.9582557486866288,0.0004957912461858906,1748944133.7879047
1649,0.02852621302008629,-0.6015967726707458,0.0,0.7655429244041443,0.9582557486866288,0.0004957887031157782,1748944133.8486733
1650,0.034033313393592834,-0.5491778254508972,0.0,0.6467530727386475,0.9582557486866288,0.00049578616005871,1748944133.908299
1651,1.5593516826629639,-0.8183610439300537,0.0,1.104502558708191,0.9582557486866288,0.000495783617014686,1748944133.9715915
1652,0.021748136729002,-0.6344350576400757,0.0,0.6176328659057617,0.9582557486866288,0.0004957810739837059,1748944134.0310838
1653,0.023121647536754608,-0.888976514339447,0.0,0.4150136411190033,0.9582557486866288,0.00049577853096577,1748944134.0950823
1654,0.025487374514341354,-0.8094008564949036,0.0,0.6698009371757507,0.9582557486866288,0.000495775987960878,1748944134.1553047
1655,0.03500654920935631,-0.6287141442298889,0.0,0.7846634984016418,0.9582557486866288,0.0004957734449690299,1748944134.2138927
1656,0.031012754887342453,-0.8186734914779663,0.0,0.5574524998664856,0.9582557486866288,0.0004957709019902255,1748944134.2723062
1657,0.029298415407538414,-0.7203164100646973,0.0,1.3037760257720947,0.9582557486866288,0.0004957683590244648,1748944134.3316433
1658,0.03730592876672745,-0.729398250579834,0.0,0.5479129552841187,0.9582557486866288,0.000495765816071748,1748944134.3941631
1659,0.026157209649682045,-0.7644943594932556,0.0,0.6402997374534607,0.9582557486866288,0.0004957632731320747,1748944134.454449
1660,0.024297479540109634,-0.6191834211349487,0.0,0.5596286654472351,0.9582557486866288,0.0004957607302054449,1748944134.5154212
1661,0.03965237736701965,-0.6991817951202393,0.0,0.7989451289176941,0.9582557486866288,0.0004957581872918586,1748944134.5802836
1662,0.024780111387372017,-0.7985408902168274,0.0,0.9530286192893982,0.9582557486866288,0.0004957556443913157,1748944134.6419141
1663,0.03936848044395447,-0.8000847101211548,0.0,0.5562916398048401,0.9582557486866288,0.0004957531015038161,1748944134.7043407
1664,1.5503402948379517,-0.7060798406600952,0.0,0.5948843955993652,0.9582557486866288,0.0004957505586293599,1748944134.7646096
1665,0.024569455534219742,-0.7510235905647278,0.0,0.6975451707839966,0.9582557486866288,0.0004957480157679468,1748944134.8283293
1666,0.027281491085886955,-0.752210259437561,0.0,0.8104665279388428,0.9582557486866288,0.0004957454729195769,1748944134.889007
1667,0.031100155785679817,-0.6530099511146545,0.0,0.7439976334571838,0.9582557486866288,0.00049574293008425,1748944134.9481413
1668,0.026366569101810455,-0.6934421062469482,0.0,0.6247081160545349,0.9582557486866288,0.0004957403872619661,1748944135.008641
1669,0.025946304202079773,-0.6270840167999268,0.0,0.8542256951332092,0.9582557486866288,0.0004957378444527253,1748944135.0698025
1670,0.028044279664754868,-0.6529648900032043,0.0,0.6437286734580994,0.9582557486866288,0.0004957353016565273,1748944135.130902
1671,0.025823669508099556,-0.7443597316741943,0.0,0.8019722700119019,0.9582557486866288,0.000495732758873372,1748944135.190471
1672,0.02261621505022049,-0.7348732948303223,0.0,0.6545892357826233,0.9582557486866288,0.0004957302161032595,1748944135.2520993
1673,0.020507292822003365,-0.7410509586334229,0.0,0.6061096787452698,0.9582557486866288,0.0004957276733461897,1748944135.3143666
1674,0.02736598625779152,-0.7126513123512268,0.0,0.6681336164474487,0.9582557486866288,0.0004957251306021626,1748944135.3730218
1675,0.02627275139093399,-0.7910228967666626,0.0,0.7609755396842957,0.9582557486866288,0.0004957225878711778,1748944135.431949
1676,0.040929678827524185,-0.5816447734832764,0.0,0.7885650396347046,0.9582557486866288,0.0004957200451532357,1748944135.4937437
1677,0.02218010649085045,-0.705003559589386,0.0,0.48540621995925903,0.9582557486866288,0.0004957175024483359,1748944135.5551445
1678,0.0362449586391449,-0.9141186475753784,0.0,0.7822533249855042,0.9582557486866288,0.0004957149597564784,1748944135.613659
1679,1.5572199821472168,-0.7877219915390015,0.0,0.825890839099884,0.9582557486866288,0.0004957124170776632,1748944135.6730812
1680,0.03635648638010025,-0.600567102432251,0.0,0.7617751955986023,0.9582557486866288,0.0004957098744118902,1748944135.738
1681,0.02938758209347725,-0.7754291892051697,0.0,0.9140720367431641,0.9582557486866288,0.0004957073317591594,1748944135.7987533
1682,0.028502603992819786,-0.6714432239532471,0.0,0.6454635262489319,0.9582557486866288,0.0004957047891194706,1748944135.8620021
1683,0.031204024329781532,-0.7250403165817261,0.0,0.5872901678085327,0.9582557486866288,0.0004957022464928239,1748944135.9226172
1684,0.023646831512451172,-0.7745453715324402,0.0,0.6949080228805542,0.9582557486866288,0.0004956997038792191,1748944135.9853694
1685,0.027561206370592117,-0.8680226802825928,0.0,0.5609467625617981,0.9582557486866288,0.000495697161278656,1748944136.0468664
1686,0.025547442957758904,-0.644005298614502,0.0,0.6420566439628601,0.9582557486866288,0.0004956946186911349,1748944136.105414
1687,0.031479157507419586,-0.7041863203048706,0.0,0.8561924695968628,0.9582557486866288,0.0004956920761166555,1748944136.1646733
1688,0.030884195119142532,-0.694415271282196,0.0,1.0886681079864502,0.9582557486866288,0.0004956895335552177,1748944136.225503
1689,0.020354293286800385,-0.8960068225860596,0.0,0.517951250076294,0.9582557486866288,0.0004956869910068216,1748944136.2855067
1690,0.012856602668762207,-0.5463452339172363,0.0,0.4283556640148163,0.9582557486866288,0.0004956844484714669,1748944136.3480175
1691,0.01591971516609192,-0.7910369634628296,0.0,0.6312106847763062,0.9582557486866288,0.0004956819059491538,1748944136.4053545
1692,0.025705305859446526,-0.7211993932723999,0.0,0.629384458065033,0.9582557486866288,0.000495679363439882,1748944136.4658763
1693,0.03520263731479645,-0.9004852175712585,0.0,0.8274729251861572,0.9582557486866288,0.0004956768209436516,1748944136.5269623
1694,0.03473515063524246,-0.770424485206604,0.0,1.0975408554077148,0.9582557486866288,0.0004956742784604625,1748944136.5887809
1695,0.025121774524450302,-0.6549029350280762,0.0,0.5512318015098572,0.9582557486866288,0.0004956717359903145,1748944136.6487045
1696,0.019269026815891266,-0.7720911502838135,0.0,0.7067595720291138,0.9582557486866288,0.0004956691935332077,1748944136.7117724
1697,0.028377152979373932,-0.8362603187561035,0.0,0.8902516961097717,0.9582557486866288,0.000495666651089142,1748944136.772704
1698,0.032004449516534805,-0.8667244911193848,0.0,0.6995723247528076,0.9582557486866288,0.0004956641086581172,1748944136.831206
1699,0.02482079155743122,-0.7250497937202454,0.0,0.6398065090179443,0.9582557486866288,0.0004956615662401333,1748944136.8941803
1700,0.03039611503481865,-0.8437899947166443,0.0,0.8279789686203003,0.9582557486866288,0.0004956590238351904,1748944136.9551597
1701,0.02788945473730564,-0.7762654423713684,0.0,0.608031153678894,0.9582557486866288,0.0004956564814432883,1748944137.0140874
1702,0.026728037744760513,-0.7191900014877319,0.0,0.9075777530670166,0.9582557486866288,0.0004956539390644269,1748944137.0734987
1703,0.018838319927453995,-0.5746644735336304,0.0,0.5847012996673584,0.9582557486866288,0.0004956513966986061,1748944137.1379826
1704,0.025712434202432632,-0.6431900858879089,0.0,0.5837814211845398,0.9582557486866288,0.0004956488543458259,1748944137.1980784
1705,0.039178527891635895,-0.6514458656311035,0.0,0.6578837633132935,0.9582557486866288,0.0004956463120060863,1748944137.260154
1706,0.027759991586208344,-0.5988292694091797,0.0,0.6093526482582092,0.9582557486866288,0.0004956437696793871,1748944137.3226876
1707,0.03902912139892578,-0.6848995685577393,0.0,0.9998860359191895,0.9582557486866288,0.0004956412273657284,1748944137.3829558
1708,0.020410778000950813,-0.8128273487091064,0.0,0.6146530508995056,0.9582557486866288,0.00049563868506511,1748944137.4440064
1709,0.02622450701892376,-0.8890652656555176,0.0,0.6659300327301025,0.9582557486866288,0.0004956361427775318,1748944137.5044816
1710,0.024021409451961517,-0.6552211046218872,0.0,0.4571424722671509,0.9582557486866288,0.0004956336005029938,1748944137.565631
1711,0.026273390278220177,-0.6573971509933472,0.0,0.6674723029136658,0.9582557486866288,0.000495631058241496,1748944137.6269028
1712,0.02531522884964943,-0.7446194887161255,0.0,0.6249144673347473,0.9582557486866288,0.0004956285159930381,1748944137.6869843
1713,0.0339762344956398,-0.8326665759086609,0.0,0.6083036661148071,0.9582557486866288,0.0004956259737576204,1748944137.7469823
1714,0.024975484237074852,-0.7597219944000244,0.0,0.554676353931427,0.9582557486866288,0.0004956234315352425,1748944137.8066187
1715,0.017293278127908707,-0.721705436706543,0.0,0.38472554087638855,0.9582557486866288,0.0004956208893259046,1748944137.866607
1716,0.026336567476391792,-0.6209412217140198,0.0,0.587405800819397,0.9582557486866288,0.0004956183471296064,1748944137.9300423
1717,0.027019314467906952,-0.7573436498641968,0.0,0.7595093846321106,0.9582557486866288,0.0004956158049463479,1748944137.9894354
1718,0.021162519231438637,-0.6286787986755371,0.0,0.6792784333229065,0.9582557486866288,0.0004956132627761291,1748944138.0480816
1719,0.020398849621415138,-0.7996664047241211,0.0,0.5049601197242737,0.9582557486866288,0.0004956107206189499,1748944138.1079576
1720,0.026171011850237846,-0.8088876008987427,0.0,0.49936598539352417,0.9582557486866288,0.0004956081784748102,1748944138.1724513
1721,0.02349497377872467,-0.801166832447052,0.0,0.6260986924171448,0.9582557486866288,0.00049560563634371,1748944138.2319498
1722,0.03180760145187378,-0.6967296600341797,0.0,0.5791226625442505,0.9582557486866288,0.0004956030942256492,1748944138.2919707
1723,0.019293714314699173,-0.7418217658996582,0.0,0.6301724314689636,0.9582557486866288,0.0004956005521206277,1748944138.3545783
1724,0.036402489989995956,-0.7068559527397156,0.0,0.5512276887893677,0.9582557486866288,0.0004955980100286454,1748944138.4145672
1725,0.023811306804418564,-0.7141610383987427,0.0,0.5169469118118286,0.9582557486866288,0.0004955954679497024,1748944138.4747722
1726,0.038373883813619614,-0.7595263123512268,0.0,1.0638190507888794,0.9582557486866288,0.0004955929258837984,1748944138.5391846
1727,0.033057309687137604,-0.8115553855895996,0.0,0.6643417477607727,0.9582557486866288,0.0004955903838309336,1748944138.5982337
1728,0.03872419893741608,-0.8475236892700195,0.0,0.6428227424621582,0.9582557486866288,0.0004955878417911078,1748944138.6583364
1729,0.03369453176856041,-0.648094654083252,0.0,0.6667703986167908,0.9582557486866288,0.0004955852997643208,1748944138.7208724
1730,0.026808345690369606,-0.6822676658630371,0.0,0.6554067730903625,0.9582557486866288,0.0004955827577505727,1748944138.7809532
1731,0.029774406924843788,-0.7722383737564087,0.0,0.5606333017349243,0.9582557486866288,0.0004955802157498634,1748944138.8431818
1732,0.02777443267405033,-0.5717369318008423,0.0,0.8305945992469788,0.9582557486866288,0.0004955776737621928,1748944138.90465
1733,0.03358791396021843,-0.626708447933197,0.0,0.8051297664642334,0.9582557486866288,0.000495575131787561,1748944138.9648275
1734,0.03017808310687542,-0.6795182228088379,0.0,0.6921777725219727,0.9582557486866288,0.0004955725898259677,1748944139.0272682
1735,0.03425614535808563,-0.7780718803405762,0.0,0.6696738004684448,0.9582557486866288,0.0004955700478774128,1748944139.0898428
1736,0.024956006556749344,-0.7809557914733887,0.0,0.4973007142543793,0.9582557486866288,0.0004955675059418965,1748944139.1482701
1737,0.02238147333264351,-0.6673907041549683,0.0,0.6480445861816406,0.9582557486866288,0.0004955649640194186,1748944139.2116654
1738,0.03352595865726471,-0.6903294324874878,0.0,0.767065703868866,0.9582557486866288,0.0004955624221099791,1748944139.2719808
1739,0.03904185816645622,-0.8317402601242065,0.0,1.5661234855651855,0.9582557486866288,0.0004955598802135777,1748944139.3307803
1740,0.02797052264213562,-0.7996273040771484,0.0,0.49731412529945374,0.9582557486866288,0.0004955573383302145,1748944139.392072
1741,0.02957795187830925,-0.8252401351928711,0.0,0.5136990547180176,0.9582557486866288,0.0004955547964598895,1748944139.4553041
1742,0.024250486865639687,-0.80562424659729,0.0,0.6992357969284058,0.9582557486866288,0.0004955522546026025,1748944139.513358
1743,0.02928655780851841,-0.6394542455673218,0.0,0.8918447494506836,0.9582557486866288,0.0004955497127583535,1748944139.573516
1744,0.026817109435796738,-0.6971763968467712,0.0,0.9241467118263245,0.9582557486866288,0.0004955471709271424,1748944139.6389534
1745,0.030193213373422623,-0.9324060082435608,0.0,0.7148927450180054,0.9582557486866288,0.0004955446291089692,1748944139.697955
1746,0.03516010940074921,-0.7106910943984985,0.0,0.5601199269294739,0.9582557486866288,0.0004955420873038337,1748944139.7589529
1747,0.02123064175248146,-0.644393801689148,0.0,0.6936149597167969,0.9582557486866288,0.0004955395455117361,1748944139.823156
1748,0.024104608222842216,-0.5593782663345337,0.0,0.5048630833625793,0.9582557486866288,0.0004955370037326761,1748944139.8817239
1749,0.018894661217927933,-0.5430558919906616,0.0,0.4815846383571625,0.9582557486866288,0.0004955344619666536,1748944139.9405947
1750,0.021245835348963737,-0.5064533352851868,0.0,0.5428833961486816,0.9582557486866288,0.0004955319202136686,1748944140.0017092
1751,0.01877991110086441,-0.7742103934288025,0.0,0.5718269348144531,0.9582557486866288,0.0004955293784737212,1748944140.0635927
1752,0.030852757394313812,-0.7369608879089355,0.0,0.5526453256607056,0.9582557486866288,0.0004955268367468111,1748944140.1238058
1753,0.030181344598531723,-0.6286941170692444,0.0,0.5109977722167969,0.9582557486866288,0.0004955242950329383,1748944140.1846135
1754,0.0177975594997406,-0.7077639698982239,0.0,0.3872247636318207,0.9582557486866288,0.0004955217533321028,1748944140.24919
1755,0.027501188218593597,-0.7591506242752075,0.0,0.8419241309165955,0.9582557486866288,0.0004955192116443044,1748944140.3102438
1756,0.028024272993206978,-0.713975191116333,0.0,0.5851852893829346,0.9582557486866288,0.0004955166699695433,1748944140.3718572
1757,0.023957882076501846,-0.7484215497970581,0.0,0.6761474609375,0.9582557486866288,0.0004955141283078191,1748944140.4321232
1758,0.027143914252519608,-0.8557243943214417,0.0,0.6234467625617981,0.9582557486866288,0.0004955115866591319,1748944140.4909847
1759,0.025540821254253387,-0.8229818344116211,0.0,0.5684875845909119,0.9582557486866288,0.0004955090450234817,1748944140.5539637
1760,0.028601888567209244,-0.8374078273773193,0.0,0.7219205498695374,0.9582557486866288,0.0004955065034008683,1748944140.6147487
1761,1.540768027305603,-0.8554210066795349,0.0,0.6193064451217651,0.9582557486866288,0.0004955039617912917,1748944140.6718624
1762,0.02519971691071987,-0.6673641204833984,0.0,0.7239149808883667,0.9582557486866288,0.0004955014201947518,1748944140.7318962
1763,0.026942383497953415,-0.5819397568702698,0.0,0.5785861015319824,0.9582557486866288,0.0004954988786112486,1748944140.7953708
1764,0.02254829928278923,-0.607083797454834,0.0,0.6331244111061096,0.9582557486866288,0.000495496337040782,1748944140.8557003
1765,0.024157196283340454,-0.6627906560897827,0.0,0.5075078010559082,0.9582557486866288,0.0004954937954833518,1748944140.9153025
1766,0.023556340485811234,-0.7593437433242798,0.0,0.6753854751586914,0.9582557486866288,0.0004954912539389581,1748944140.9777534
1767,0.021991651505231857,-0.829343318939209,0.0,0.6826491355895996,0.9582557486866288,0.0004954887124076009,1748944141.0390632
1768,0.03229757398366928,-0.8312085866928101,0.0,0.6545947194099426,0.9582557486866288,0.0004954861708892799,1748944141.0978017
1769,0.03422513231635094,-0.7673196792602539,0.0,0.5813039541244507,0.9582557486866288,0.0004954836293839951,1748944141.1587718
1770,0.02224678546190262,-0.7812300324440002,0.0,0.5833816528320312,0.9582557486866288,0.0004954810878917466,1748944141.2209904
1771,0.028593027964234352,-0.7907419204711914,0.0,0.7828665971755981,0.9582557486866288,0.0004954785464125342,1748944141.2812376
1772,0.034348517656326294,-0.9464205503463745,0.0,1.1134194135665894,0.9582557486866288,0.0004954760049463578,1748944141.3420238
1773,0.018198242411017418,-0.7052273154258728,0.0,0.5441651940345764,0.9582557486866288,0.0004954734634932174,1748944141.4050374
1774,0.02114293910562992,-0.8418929576873779,0.0,0.5676453709602356,0.9582557486866288,0.0004954709220531129,1748944141.4658074
1775,0.025341102853417397,-0.7074829339981079,0.0,0.6760075092315674,0.9582557486866288,0.0004954683806260443,1748944141.5278435
1776,0.030612654983997345,-0.7191885709762573,0.0,0.9867274761199951,0.9582557486866288,0.0004954658392120115,1748944141.589141
1777,0.02332192100584507,-0.8327739834785461,0.0,0.8614462018013,0.9582557486866288,0.0004954632978110144,1748944141.6477299
1778,0.021176695823669434,-0.6856764554977417,0.0,0.5305393934249878,0.9582557486866288,0.0004954607564230529,1748944141.7100508
1779,0.031135432422161102,-0.9417064785957336,0.0,0.9352672100067139,0.9582557486866288,0.000495458215048127,1748944141.7728286
1780,0.022847432643175125,-0.7929803133010864,0.0,0.5870378017425537,0.9582557486866288,0.0004954556736862366,1748944141.8320265
1781,0.03524471074342728,-0.7773411273956299,0.0,0.5991395115852356,0.9582557486866288,0.0004954531323373817,1748944141.8932629
1782,0.025700721889734268,-0.8325891494750977,0.0,0.7037116885185242,0.9582557486866288,0.0004954505910015622,1748944141.9553769
1783,0.028258124366402626,-0.7377703785896301,0.0,0.7931029200553894,0.9582557486866288,0.0004954480496787779,1748944142.0138702
1784,0.020335987210273743,-0.8631676435470581,0.0,0.48664867877960205,0.9582557486866288,0.000495445508369029,1748944142.0727587
1785,0.02635263465344906,-0.738711953163147,0.0,0.5770947933197021,0.9582557486866288,0.0004954429670723151,1748944142.1334224
1786,0.03433165326714516,-0.749316394329071,0.0,0.5323303937911987,0.9582557486866288,0.0004954404257886364,1748944142.1946292
1787,0.032745324075222015,-0.9560052156448364,0.0,0.8872563242912292,0.9582557486866288,0.0004954378845179929,1748944142.255508
1788,0.028427425771951675,-0.7286040782928467,0.0,0.7150844931602478,0.9582557486866288,0.0004954353432603842,1748944142.3142557
1789,0.020651547238230705,-0.7499150037765503,0.0,0.7488207221031189,0.9582557486866288,0.0004954328020158105,1748944142.3742661
1790,0.02267235517501831,-0.6099445819854736,0.0,0.7191197872161865,0.9582557486866288,0.0004954302607842716,1748944142.4392884
1791,0.024326462298631668,-0.8882123827934265,0.0,0.8007570505142212,0.9582557486866288,0.0004954277195657674,1748944142.4982743
1792,1.56594717502594,-0.8169951438903809,0.0,0.7524241209030151,0.9582557486866288,0.0004954251783602981,1748944142.5579956
1793,0.025928009301424026,-0.8353943824768066,0.0,0.6604767441749573,0.9582557486866288,0.0004954226371678633,1748944142.622406
1794,0.018188659101724625,-0.8693201541900635,0.0,0.38885706663131714,0.9582557486866288,0.0004954200959884632,1748944142.6799598
1795,0.019900890067219734,-0.8051761388778687,0.0,0.3774350583553314,0.9582557486866288,0.0004954175548220975,1748944142.7388823
1796,0.024049129337072372,-0.6707524657249451,0.0,0.7230603098869324,0.9582557486866288,0.0004954150136687662,1748944142.7987385
1797,0.02354288473725319,-0.9028002023696899,0.0,0.6646332740783691,0.9582557486866288,0.0004954124725284695,1748944142.8606167
1798,0.016328703612089157,-0.6057310700416565,0.0,0.426198273897171,0.9582557486866288,0.0004954099314012069,1748944142.9228618
1799,0.020475205034017563,-0.6728402376174927,0.0,0.614846408367157,0.9582557486866288,0.0004954073902869786,1748944142.9814906
1800,0.025470733642578125,-0.7218523025512695,0.0,1.0582836866378784,0.9582557486866288,0.0004954048491857846,1748944143.0425916
1801,0.02377220429480076,-0.6673023104667664,0.0,0.5962183475494385,0.9582557486866288,0.0004954023080976245,1748944143.1061466
1802,0.02246115915477276,-0.7522439956665039,0.0,0.5805899500846863,0.9582557486866288,0.0004953997670224986,1748944143.1642232
1803,0.0181475467979908,-0.8825322389602661,0.0,0.5089764595031738,0.9582557486866288,0.0004953972259604067,1748944143.2244582
1804,0.031155338510870934,-0.8497530221939087,0.0,0.5356023907661438,0.9582557486866288,0.0004953946849113486,1748944143.285505
1805,0.028337018564343452,-0.805113673210144,0.0,0.8064740896224976,0.9548609949381707,0.0004953921438753244,1748944143.3476326
1806,0.018530208617448807,-0.7684617042541504,0.0,0.6430217027664185,0.9548609949381707,0.000495389602852334,1748944143.4054828
1807,0.025614650920033455,-0.6975634098052979,0.0,0.8993948698043823,0.9548609949381707,0.0004953870618423773,1748944143.4671264
1808,0.03132711723446846,-0.8767362833023071,0.0,1.0966129302978516,0.9548609949381707,0.0004953845208454542,1748944143.5296867
1809,0.022078311070799828,-0.6626020073890686,0.0,0.6524707674980164,0.9548609949381707,0.0004953819798615646,1748944143.589429
1810,0.027724646031856537,-0.6798824667930603,0.0,0.6858094334602356,0.9548609949381707,0.0004953794388907087,1748944143.6480522
1811,0.023191697895526886,-0.6045694947242737,0.0,0.5281334519386292,0.9548609949381707,0.0004953768979328862,1748944143.708761
1812,0.03344641998410225,-0.8755995035171509,0.0,1.0292463302612305,0.9548609949381707,0.000495374356988097,1748944143.7696824
1813,0.02328592725098133,-0.5142171382904053,0.0,0.5291533470153809,0.9548609949381707,0.0004953718160563411,1748944143.8314497
1814,0.03187159448862076,-0.7588329315185547,0.0,0.858734667301178,0.9548609949381707,0.0004953692751376185,1748944143.8885386
1815,0.022067949175834656,-0.650196373462677,0.0,0.4323168098926544,0.9548609949381707,0.0004953667342319291,1748944143.9502428
1816,0.03116045892238617,-0.6989826560020447,0.0,0.612658679485321,0.9548609949381707,0.0004953641933392726,1748944144.0109837
1817,0.021999599412083626,-0.7384271621704102,0.0,0.5552182197570801,0.9548609949381707,0.0004953616524596494,1748944144.0721486
1818,0.020064298063516617,-0.7275260090827942,0.0,0.5195421576499939,0.9548609949381707,0.000495359111593059,1748944144.130764
1819,0.028101280331611633,-0.7227215766906738,0.0,0.7675501108169556,0.9548609949381707,0.0004953565707395017,1748944144.1889348
1820,0.02618197351694107,-0.7508023977279663,0.0,0.6956594586372375,0.9548609949381707,0.0004953540298989771,1748944144.2479882
1821,0.032518960535526276,-0.7563639283180237,0.0,0.6461271047592163,0.9548609949381707,0.0004953514890714853,1748944144.3055131
1822,0.02544974349439144,-0.7526422739028931,0.0,0.6882683038711548,0.9548609949381707,0.0004953489482570262,1748944144.3646848
1823,0.024182848632335663,-0.6505740880966187,0.0,0.5132476687431335,0.9548609949381707,0.0004953464074555999,1748944144.4270782
1824,0.02788013592362404,-1.11613130569458,0.0,1.1922204494476318,0.9548609949381707,0.000495343866667206,1748944144.4890473
1825,1.540648102760315,-0.7079097032546997,0.0,0.6940551400184631,0.9548609949381707,0.0004953413258918446,1748944144.550049
1826,0.024321146309375763,-0.6607394814491272,0.0,0.7811810374259949,0.9548609949381707,0.0004953387851295157,1748944144.613604
1827,0.020930767059326172,-0.6872656941413879,0.0,0.5815760493278503,0.9548609949381707,0.0004953362443802192,1748944144.6733606
1828,0.02562039904296398,-0.8069775104522705,0.0,0.8975245356559753,0.9548609949381707,0.0004953337036439549,1748944144.7347856
1829,0.041816819459199905,-0.7844610214233398,0.0,0.9736430644989014,0.9548609949381707,0.0004953311629207229,1748944144.796826
1830,0.02354547195136547,-0.6247773170471191,0.0,0.7633314728736877,0.9548609949381707,0.0004953286222105231,1748944144.8559308
1831,0.02920614182949066,-0.797985315322876,0.0,0.8481172919273376,0.9548609949381707,0.0004953260815133553,1748944144.9147735
1832,0.030997194349765778,-0.7237386107444763,0.0,0.66651451587677,0.9548609949381707,0.0004953235408292196,1748944144.9800458
1833,0.03287559747695923,-0.8103957176208496,0.0,1.0430142879486084,0.9548609949381707,0.0004953210001581159,1748944145.0390956
1834,0.02530527114868164,-0.7868565320968628,0.0,0.7734934687614441,0.9548609949381707,0.0004953184595000442,1748944145.0985482
1835,0.02370346710085869,-0.920213520526886,0.0,0.7877464890480042,0.9548609949381707,0.0004953159188550042,1748944145.1576695
1836,0.038997240364551544,-0.781452476978302,0.0,0.9997991323471069,0.9548609949381707,0.0004953133782229959,1748944145.2202122
1837,0.028161978349089622,-0.6491053104400635,0.0,0.7410803437232971,0.9548609949381707,0.0004953108376040196,1748944145.2809172
1838,0.03175267204642296,-0.6725814938545227,0.0,0.5945777893066406,0.9548609949381707,0.0004953082969980746,1748944145.3391979
1839,0.020522888749837875,-0.6342732906341553,0.0,0.5261497497558594,0.9548609949381707,0.0004953057564051613,1748944145.3995166
1840,0.03314606100320816,-0.5784416198730469,0.0,0.7844668626785278,0.9548609949381707,0.0004953032158252796,1748944145.463648
1841,0.03480585664510727,-0.6663244962692261,0.0,0.8371688723564148,0.9548609949381707,0.0004953006752584293,1748944145.5230856
1842,0.031088337302207947,-0.6510273218154907,0.0,0.764707624912262,0.9548609949381707,0.0004952981347046102,1748944145.5842123
1843,0.02470306307077408,-0.786901593208313,0.0,0.8446640372276306,0.9548609949381707,0.0004952955941638226,1748944145.6452336
1844,0.020037196576595306,-0.7996410131454468,0.0,0.8605707287788391,0.9548609949381707,0.0004952930536360662,1748944145.7067752
1845,0.02194923162460327,-0.9828366637229919,0.0,0.7835066914558411,0.9548609949381707,0.0004952905131213409,1748944145.766829
1846,0.03716210275888443,-0.7440145611763,0.0,0.7522156238555908,0.9548609949381707,0.0004952879726196468,1748944145.829904
1847,0.03278094530105591,-0.8529388904571533,0.0,0.7381073832511902,0.9548609949381707,0.0004952854321309837,1748944145.8892033
1848,0.0284983292222023,-0.7656169533729553,0.0,0.5723795294761658,0.9548609949381707,0.0004952828916553515,1748944145.948821
1849,0.023783914744853973,-0.7007778882980347,0.0,0.8485823273658752,0.9548609949381707,0.0004952803511927503,1748944146.008842
1850,0.02546129748225212,-0.7735440135002136,0.0,0.7872512936592102,0.9548609949381707,0.0004952778107431799,1748944146.0716672
1851,0.03151456266641617,-0.7741087675094604,0.0,0.7388041615486145,0.9548609949381707,0.0004952752703066402,1748944146.1314383
1852,0.03149924427270889,-0.646489143371582,0.0,0.6372033357620239,0.9548609949381707,0.0004952727298831314,1748944146.1923108
1853,0.028757620602846146,-0.7106339335441589,0.0,0.5404322147369385,0.9548609949381707,0.0004952701894726531,1748944146.2551987
1854,0.02764597348868847,-0.6521215438842773,0.0,0.7311190962791443,0.9548609949381707,0.0004952676490752053,1748944146.3140025
1855,0.024905070662498474,-0.7625219821929932,0.0,0.9933915138244629,0.9548609949381707,0.0004952651086907881,1748944146.373089
1856,0.017162252217531204,-0.7812387347221375,0.0,0.6816486120223999,0.9548609949381707,0.0004952625683194013,1748944146.4310234
1857,0.03116500750184059,-1.1518009901046753,0.0,1.6072360277175903,0.9548609949381707,0.0004952600279610449,1748944146.4908466
1858,0.01929599791765213,-0.7758378982543945,0.0,0.45791715383529663,0.9548609949381707,0.0004952574876157188,1748944146.5557022
1859,0.022790316492319107,-0.6750997304916382,0.0,0.6324436068534851,0.9548609949381707,0.0004952549472834229,1748944146.6143026
1860,0.020374957472085953,-0.7589572072029114,0.0,0.40796008706092834,0.9548609949381707,0.0004952524069641572,1748944146.6753416
1861,0.026986561715602875,-0.6120671033859253,0.0,0.7529716491699219,0.9548609949381707,0.0004952498666579215,1748944146.737865
1862,0.038138970732688904,-0.7170511484146118,0.0,1.0061428546905518,0.9548609949381707,0.0004952473263647159,1748944146.7979603
1863,0.025508049875497818,-0.6269301176071167,0.0,1.476140022277832,0.9548609949381707,0.0004952447860845404,1748944146.8570645
1864,0.019133275374770164,-0.8415329456329346,0.0,0.4766692817211151,0.9548609949381707,0.0004952422458173947,1748944146.9211721
1865,0.027700776234269142,-0.7498614192008972,0.0,0.7245452404022217,0.9548609949381707,0.0004952397055632788,1748944146.980789
1866,0.025505755096673965,-0.8307225704193115,0.0,0.8772122859954834,0.9548609949381707,0.0004952371653221926,1748944147.040754
1867,0.03209839016199112,-0.9416795969009399,0.0,0.9592790603637695,0.9548609949381707,0.0004952346250941363,1748944147.1026497
1868,0.02450542151927948,-0.8061842918395996,0.0,1.0689488649368286,0.9548609949381707,0.0004952320848791095,1748944147.1638474
1869,0.03120207041501999,-0.7304245829582214,0.0,1.1594113111495972,0.9548609949381707,0.0004952295446771122,1748944147.2237806
1870,0.026356281712651253,-0.7881925702095032,0.0,0.7064078450202942,0.9548609949381707,0.0004952270044881446,1748944147.2876613
1871,0.02617442049086094,-0.673204779624939,0.0,0.7211291790008545,0.9548609949381707,0.0004952244643122063,1748944147.347843
1872,0.036666907370090485,-0.7461370229721069,0.0,1.1090867519378662,0.9548609949381707,0.0004952219241492974,1748944147.405351
1873,0.020083658397197723,-0.7118972539901733,0.0,0.5042097568511963,0.9548609949381707,0.0004952193839994176,1748944147.4646952
1874,0.02184223011136055,-0.6536587476730347,0.0,0.7682154178619385,0.9548609949381707,0.0004952168438625673,1748944147.5237162
1875,0.025340212509036064,-0.6925911903381348,0.0,0.6905578970909119,0.9548609949381707,0.0004952143037387461,1748944147.5878375
1876,0.03599262610077858,-0.6494642496109009,0.0,0.5719831585884094,0.9548609949381707,0.000495211763627954,1748944147.6480353
1877,0.04618827998638153,-0.7370918989181519,0.0,1.0556739568710327,0.9548609949381707,0.0004952092235301909,1748944147.7060134
1878,0.023854486644268036,-0.7842368483543396,0.0,0.5711627006530762,0.9548609949381707,0.0004952066834454568,1748944147.7649357
1879,0.02058231271803379,-0.7642519474029541,0.0,0.45063701272010803,0.9548609949381707,0.0004952041433737515,1748944147.8269348
1880,0.018971800804138184,-0.7536790370941162,0.0,0.6026489734649658,0.9548609949381707,0.0004952016033150751,1748944147.8888774
1881,0.025096263736486435,-0.7877405881881714,0.0,0.6614634394645691,0.9548609949381707,0.0004951990632694274,1748944147.9499652
1882,0.027311168611049652,-0.7529241442680359,0.0,0.8864353895187378,0.9548609949381707,0.0004951965232368085,1748944148.0146787
1883,0.025166401639580727,-0.7226420640945435,0.0,0.5827882885932922,0.9548609949381707,0.0004951939832172183,1748944148.0730596
1884,0.026258820667862892,-0.8127253651618958,0.0,0.6429264545440674,0.9548609949381707,0.0004951914432106565,1748944148.1377418
1885,0.019728105515241623,-0.4791969656944275,0.0,0.6302646994590759,0.9548609949381707,0.0004951889032171233,1748944148.1977854
1886,0.02225513383746147,-0.6341997981071472,0.0,0.8507484197616577,0.9548609949381707,0.0004951863632366185,1748944148.2569818
1887,0.022183697670698166,-0.6884333491325378,0.0,0.7137194871902466,0.9548609949381707,0.000495183823269142,1748944148.3166835
1888,0.021939558908343315,-0.5614771246910095,0.0,0.6518375873565674,0.9548609949381707,0.0004951812833146939,1748944148.3796093
1889,0.03321143239736557,-0.8779082298278809,0.0,0.6404802203178406,0.9548609949381707,0.0004951787433732739,1748944148.4409065
1890,0.023194441571831703,-0.8323746919631958,0.0,0.797194242477417,0.9548609949381707,0.0004951762034448822,1748944148.5036561
1891,0.03411504626274109,-0.7115291357040405,0.0,0.8928850889205933,0.9548609949381707,0.0004951736635295186,1748944148.565146
1892,0.018042370676994324,-0.7662539482116699,0.0,0.8491958975791931,0.9548609949381707,0.0004951711236271829,1748944148.624297
1893,0.03620215505361557,-0.6976004242897034,0.0,0.52420973777771,0.9548609949381707,0.0004951685837378752,1748944148.6889293
1894,0.029540402814745903,-0.8143293857574463,0.0,1.251975655555725,0.9548609949381707,0.0004951660438615955,1748944148.7467418
1895,0.02382221445441246,-0.5942243337631226,0.0,0.6918729543685913,0.9548609949381707,0.0004951635039983435,1748944148.8070817
1896,0.018370572477579117,-0.8350855708122253,0.0,0.501521110534668,0.9548609949381707,0.0004951609641481193,1748944148.866986
1897,0.023158695548772812,-0.7503516674041748,0.0,0.9109528660774231,0.9548609949381707,0.0004951584243109229,1748944148.930047
1898,0.027184879407286644,-0.6254920959472656,0.0,0.8458952903747559,0.9548609949381707,0.000495155884486754,1748944148.989862
1899,1.5560503005981445,-0.7314232587814331,0.0,0.8354130983352661,0.9548609949381707,0.0004951533446756127,1748944149.0549455
1900,0.02582685276865959,-0.8744648694992065,0.0,1.07976496219635,0.9548609949381707,0.0004951508048774988,1748944149.115836
1901,0.026476413011550903,-0.8460274338722229,0.0,0.6741511821746826,0.9548609949381707,0.0004951482650924125,1748944149.1792297
1902,1.553022027015686,-0.8186467885971069,0.0,1.076922059059143,0.9548609949381707,0.0004951457253203535,1748944149.2400496
1903,0.022021209821105003,-0.7073714733123779,0.0,0.6273375153541565,0.9548609949381707,0.0004951431855613217,1748944149.2977421
1904,0.024966267868876457,-0.751366913318634,0.0,0.6949548721313477,0.9548609949381707,0.0004951406458153173,1748944149.3580742
1905,0.027772855013608932,-0.7718468308448792,0.0,0.8538255095481873,0.9548609949381707,0.0004951381060823399,1748944149.4210973
1906,0.03417851775884628,-0.6160842180252075,0.0,0.7905198931694031,0.9548609949381707,0.0004951355663623897,1748944149.4819987
1907,0.022852279245853424,-0.8731958866119385,0.0,0.8202526569366455,0.9548609949381707,0.0004951330266554665,1748944149.5418577
1908,0.029388483613729477,-0.6193118095397949,0.0,0.9277412295341492,0.9548609949381707,0.0004951304869615702,1748944149.6054704
1909,0.03430017828941345,-0.7785366773605347,0.0,0.49144840240478516,0.9548609949381707,0.0004951279472807009,1748944149.6637433
1910,0.024851717054843903,-0.7539167404174805,0.0,0.627591073513031,0.9548609949381707,0.0004951254076128583,1748944149.7235236
1911,1.5464197397232056,-1.0760533809661865,0.0,0.8860536217689514,0.9548609949381707,0.0004951228679580425,1748944149.7831173
1912,0.02025066874921322,-0.9018542170524597,0.0,0.791290819644928,0.9548609949381707,0.0004951203283162535,1748944149.846784
1913,0.02926873415708542,-0.7403212785720825,0.0,0.7916240692138672,0.9548609949381707,0.000495117788687491,1748944149.9073138
1914,0.018782610073685646,-0.6953740119934082,0.0,0.4753931164741516,0.9548609949381707,0.000495115249071755,1748944149.9690733
1915,0.024153895676136017,-0.6610690951347351,0.0,0.5069088339805603,0.9548609949381707,0.0004951127094690457,1748944150.0305035
1916,0.022301940247416496,-0.6994022130966187,0.0,0.6564175486564636,0.9548609949381707,0.0004951101698793627,1748944150.088962
1917,0.0213528610765934,-0.7439433336257935,0.0,0.8481580018997192,0.9548609949381707,0.000495107630302706,1748944150.148096
1918,0.025227515026926994,-0.7675560712814331,0.0,1.0151844024658203,0.9548609949381707,0.0004951050907390757,1748944150.2136655
1919,0.024592768400907516,-0.68520587682724,0.0,0.9940922856330872,0.9548609949381707,0.0004951025511884717,1748944150.2749114
1920,0.026006443426012993,-0.48750439286231995,0.0,0.6911959052085876,0.9548609949381707,0.0004951000116508937,1748944150.3387196
1921,0.03168576955795288,-0.6128606796264648,0.0,0.659130334854126,0.9548609949381707,0.0004950974721263418,1748944150.3985565
1922,0.017465921118855476,-0.6347540616989136,0.0,0.6535714864730835,0.9548609949381707,0.0004950949326148161,1748944150.4609263
1923,0.02047796919941902,-0.719950795173645,0.0,0.8352712392807007,0.9548609949381707,0.0004950923931163161,1748944150.5222597
1924,0.022946231067180634,-0.7017934918403625,0.0,0.7445979714393616,0.9548609949381707,0.0004950898536308421,1748944150.5820408
1925,1.5472553968429565,-0.7309327721595764,0.0,0.9550302624702454,0.9548609949381707,0.000495087314158394,1748944150.6418295
1926,0.017126651480793953,-0.8070544600486755,0.0,0.6132811903953552,0.9548609949381707,0.0004950847746989717,1748944150.7051182
1927,0.03366636484861374,-0.7297470569610596,0.0,0.8386488556861877,0.9548609949381707,0.0004950822352525749,1748944150.7639458
1928,0.021812237799167633,-0.7952502965927124,0.0,0.5958666205406189,0.9548609949381707,0.0004950796958192038,1748944150.823789
1929,0.02774704433977604,-0.6775376796722412,0.0,0.6083922386169434,0.9548609949381707,0.0004950771563988583,1748944150.8836112
1930,0.022731363773345947,-0.6885514259338379,0.0,0.7755588293075562,0.9548609949381707,0.0004950746169915382,1748944150.9441116
1931,0.024358678609132767,-0.7817886471748352,0.0,0.5740472078323364,0.9548609949381707,0.0004950720775972437,1748944151.0066798
1932,0.019718647003173828,-0.7336649894714355,0.0,0.5017337799072266,0.9548609949381707,0.0004950695382159744,1748944151.0654671
1933,0.01764749363064766,-0.8309550285339355,0.0,0.47035130858421326,0.9548609949381707,0.0004950669988477304,1748944151.1252275
1934,0.022566992789506912,-0.6747984886169434,0.0,0.8202210664749146,0.9548609949381707,0.0004950644594925117,1748944151.188638
1935,0.02960188314318657,-0.7492789626121521,0.0,0.6011276841163635,0.9548609949381707,0.0004950619201503181,1748944151.2488918
1936,0.013558465987443924,-0.5516370534896851,0.0,0.5465809106826782,0.9548609949381707,0.0004950593808211495,1748944151.3080063
1937,0.020815551280975342,-0.6420354843139648,0.0,0.4787803292274475,0.9548609949381707,0.0004950568415050061,1748944151.372403
1938,0.02001035585999489,-0.7759733200073242,0.0,0.6067739129066467,0.9548609949381707,0.0004950543022018876,1748944151.4309301
1939,0.025140419602394104,-0.7439702153205872,0.0,0.9052478075027466,0.9548609949381707,0.0004950517629117939,1748944151.4933326
1940,0.026148103177547455,-0.6694982051849365,0.0,0.7582150101661682,0.9548609949381707,0.0004950492236347251,1748944151.5565546
1941,0.025231847539544106,-0.5578010082244873,0.0,0.5749527812004089,0.9548609949381707,0.0004950466843706811,1748944151.618903
1942,0.024069933220744133,-0.7321839928627014,0.0,0.7534544467926025,0.9548609949381707,0.0004950441451196618,1748944151.67935
1943,0.023000750690698624,-0.7864924669265747,0.0,0.5323605537414551,0.9548609949381707,0.000495041605881667,1748944151.740795
1944,0.024971261620521545,-0.6407160758972168,0.0,0.6590800881385803,0.9548609949381707,0.0004950390666566968,1748944151.8006685
1945,0.02236584946513176,-0.6889768838882446,0.0,0.5253896713256836,0.9548609949381707,0.0004950365274447511,1748944151.8637779
1946,0.023370619863271713,-0.6684496998786926,0.0,0.7863008975982666,0.9548609949381707,0.0004950339882458298,1748944151.9233327
1947,0.022741204127669334,-0.5714359283447266,0.0,0.7737049460411072,0.9548609949381707,0.0004950314490599328,1748944151.982187
1948,0.0382828563451767,-0.7687040567398071,0.0,0.8449003100395203,0.9548609949381707,0.0004950289098870602,1748944152.041861
1949,0.03426828235387802,-0.7872574329376221,0.0,1.13200044631958,0.9548609949381707,0.0004950263707272118,1748944152.1040878
1950,0.017852818593382835,-0.7663746476173401,0.0,0.680182695388794,0.9548609949381707,0.0004950238315803876,1748944152.1641576
1951,0.022603297606110573,-0.7536989450454712,0.0,0.5974123477935791,0.9548609949381707,0.0004950212924465873,1748944152.2231574
1952,0.0281289704144001,-0.6387856006622314,0.0,0.7428678870201111,0.9548609949381707,0.0004950187533258112,1748944152.2857509
1953,0.031861647963523865,-0.6575559377670288,0.0,0.6523371934890747,0.9548609949381707,0.000495016214218059,1748944152.347929
1954,0.025696568191051483,-0.6439543962478638,0.0,0.6906300187110901,0.9548609949381707,0.0004950136751233307,1748944152.406591
1955,0.020068500190973282,-0.8475539088249207,0.0,0.6236590147018433,0.9548609949381707,0.0004950111360416262,1748944152.4646597
1956,0.026727698743343353,-0.7839294672012329,0.0,0.6635602712631226,0.9548609949381707,0.0004950085969729454,1748944152.5277019
1957,0.026696447283029556,-0.7882919311523438,0.0,0.6886807084083557,0.9548609949381707,0.0004950060579172884,1748944152.5892777
1958,1.5476691722869873,-0.6074836850166321,0.0,0.6374709606170654,0.9548609949381707,0.000495003518874655,1748944152.648912
1959,0.02494906075298786,-0.823694109916687,0.0,0.6202377676963806,0.9548609949381707,0.000495000979845045,1748944152.7129948
1960,0.020293794572353363,-0.7217538356781006,0.0,0.550014853477478,0.9548609949381707,0.0004949984408284587,1748944152.7731698
1961,0.029973339289426804,-0.7624250650405884,0.0,0.792724609375,0.9548609949381707,0.0004949959018248957,1748944152.8387625
1962,0.024422958493232727,-0.7859693169593811,0.0,1.2095015048980713,0.9548609949381707,0.000494993362834356,1748944152.8975923
1963,0.02378004416823387,-0.6089019775390625,0.0,0.635640561580658,0.9548609949381707,0.0004949908238568397,1748944152.9580402
1964,0.031135912984609604,-0.6732099056243896,0.0,1.0315659046173096,0.9548609949381707,0.0004949882848923465,1748944153.020206
1965,0.025285445153713226,-0.6740647554397583,0.0,0.5323438048362732,0.9548609949381707,0.0004949857459408765,1748944153.0801332
1966,0.015427051112055779,-0.5033559203147888,0.0,0.8054373264312744,0.9548609949381707,0.0004949832070024297,1748944153.1395993
1967,0.03135538101196289,-0.8251017332077026,0.0,0.885117769241333,0.9548609949381707,0.0004949806680770058,1748944153.1987994
1968,0.01394037064164877,-0.5582637190818787,0.0,0.5723576545715332,0.9548609949381707,0.000494978129164605,1748944153.2609625
1969,0.018260937184095383,-0.8377819061279297,0.0,0.6539126038551331,0.9548609949381707,0.0004949755902652269,1748944153.322684
1970,0.03119751624763012,-0.7524613738059998,0.0,1.2948445081710815,0.9548609949381707,0.0004949730513788716,1748944153.3827307
1971,0.03012867271900177,-0.7393220663070679,0.0,0.7052478194236755,0.9548609949381707,0.0004949705125055392,1748944153.444257
1972,0.03168587014079094,-0.8428134918212891,0.0,0.7719732522964478,0.9548609949381707,0.0004949679736452295,1748944153.5056393
1973,0.029636336490511894,-0.7102636098861694,0.0,0.8052309155464172,0.9548609949381707,0.0004949654347979422,1748944153.5635793
1974,0.029739096760749817,-0.8334428071975708,0.0,0.638158917427063,0.9548609949381707,0.0004949628959636776,1748944153.6232786
1975,0.020866598933935165,-0.6415799856185913,0.0,0.7016830444335938,0.9548609949381707,0.0004949603571424355,1748944153.682199
1976,0.022780053317546844,-0.6226315498352051,0.0,0.617598295211792,0.9548609949381707,0.0004949578183342158,1748944153.7441244
1977,0.021702054888010025,-0.8304892778396606,0.0,0.6203638315200806,0.9548609949381707,0.0004949552795390185,1748944153.805685
1978,0.0181198101490736,-0.7431545853614807,0.0,1.0651775598526,0.9548609949381707,0.0004949527407568433,1748944153.866666
1979,0.01891937106847763,-0.6215868592262268,0.0,0.7372373938560486,0.9548609949381707,0.0004949502019876905,1748944153.930859
1980,0.01740974932909012,-0.8450037240982056,0.0,0.7068438529968262,0.9548609949381707,0.0004949476632315599,1748944153.989803
1981,0.023759126663208008,-0.8597922325134277,0.0,0.5133103728294373,0.9548609949381707,0.0004949451244884512,1748944154.0548096
1982,0.02024049684405327,-0.7004604339599609,0.0,0.6809415817260742,0.9548609949381707,0.0004949425857583646,1748944154.1149564
1983,0.0245329812169075,-0.7557424306869507,0.0,0.5211466550827026,0.9548609949381707,0.0004949400470412999,1748944154.1732879
1984,0.023285288363695145,-0.8610687255859375,0.0,0.8283025026321411,0.9548609949381707,0.0004949375083372571,1748944154.2390435
1985,0.01491277664899826,-0.6845372915267944,0.0,0.34122180938720703,0.9548609949381707,0.0004949349696462362,1748944154.299852
1986,0.023554004728794098,-0.7147945165634155,0.0,0.4772661626338959,0.9548609949381707,0.000494932430968237,1748944154.3636105
1987,0.03015860728919506,-0.72291499376297,0.0,0.6412712335586548,0.9548609949381707,0.0004949298923032595,1748944154.4237773
1988,1.5532360076904297,-0.753470778465271,0.0,0.9493372440338135,0.9548609949381707,0.0004949273536513035,1748944154.486556
1989,0.021960679441690445,-0.8823715448379517,0.0,0.6827634572982788,0.9548609949381707,0.0004949248150123691,1748944154.5485985
1990,0.02398383617401123,-0.7734041213989258,0.0,0.7225989103317261,0.9548609949381707,0.0004949222763864562,1748944154.6128078
1991,0.029199957847595215,-0.638018786907196,0.0,0.7522463798522949,0.9548609949381707,0.0004949197377735648,1748944154.6727798
1992,0.02580331638455391,-0.8177466988563538,0.0,0.7206029891967773,0.9548609949381707,0.0004949171991736947,1748944154.7314944
1993,0.017069663852453232,-0.739753007888794,0.0,0.5934751629829407,0.9548609949381707,0.0004949146605868459,1748944154.7901342
1994,0.02465035580098629,-0.7044935822486877,0.0,0.8005358576774597,0.9548609949381707,0.0004949121220130182,1748944154.8549697
1995,0.014851599931716919,-0.6480088233947754,0.0,0.5563265085220337,0.9548609949381707,0.0004949095834522118,1748944154.9152668
1996,0.02694617584347725,-0.543258547782898,0.0,0.9786354899406433,0.9548609949381707,0.0004949070449044264,1748944154.9755657
1997,0.022836944088339806,-0.7340779304504395,0.0,0.6961315274238586,0.9548609949381707,0.000494904506369662,1748944155.0379212
1998,0.023373056203126907,-0.7542389631271362,0.0,0.8998555541038513,0.9548609949381707,0.0004949019678479185,1748944155.0978274
1999,0.024749096482992172,-0.8660023212432861,0.0,0.6978473663330078,0.9548609949381707,0.0004948994293391961,1748944155.1551065
2000,0.023025739938020706,-0.6754577159881592,0.0,0.6359609365463257,0.9548609949381707,0.0004948968908434942,1748944155.2151787
2001,0.053598884493112564,-0.8476673364639282,0.0,1.65347421169281,0.9548609949381707,0.0004948943523608132,1748944155.2766151
2002,0.03405919298529625,-0.7103311419487,0.0,1.0846855640411377,0.9548609949381707,0.000494891813891153,1748944155.3387225
2003,0.02731311321258545,-0.7581167221069336,0.0,0.9108907580375671,0.9548609949381707,0.0004948892754345133,1748944155.398511
2004,0.06724774092435837,-0.8116399049758911,0.0,1.4346266984939575,0.9548609949381707,0.0004948867369908941,1748944155.4581726
2005,0.04885781556367874,-0.8111870884895325,0.0,1.1847487688064575,0.9514789296346018,0.0004948841985602954,1748944155.5202677
2006,0.0512099489569664,-1.04292631149292,0.0,2.210495710372925,0.9514789296346018,0.0004948816601427171,1748944155.5810082
2007,0.030112724751234055,-0.8446110486984253,0.0,1.136674404144287,0.9514789296346018,0.0004948791217381593,1748944155.6399758
2008,0.036318983882665634,-0.8384243845939636,0.0,0.8675873279571533,0.9514789296346018,0.0004948765833466217,1748944155.6988943
2009,0.04918421432375908,-0.8680799007415771,0.0,1.3520761728286743,0.9514789296346018,0.0004948740449681042,1748944155.7607226
2010,0.046209827065467834,-0.5649682283401489,0.0,1.7114160060882568,0.9514789296346018,0.000494871506602607,1748944155.822491
2011,0.03842409327626228,-0.6035102605819702,0.0,1.2606643438339233,0.9514789296346018,0.0004948689682501298,1748944155.8809006
2012,0.030579369515180588,-0.8603976964950562,0.0,1.046275019645691,0.9514789296346018,0.0004948664299106725,1748944155.9393728
2013,0.050985973328351974,-0.7069334983825684,0.0,1.1289106607437134,0.9514789296346018,0.0004948638915842354,1748944155.9989357
2014,0.03299717232584953,-0.8412720561027527,0.0,1.1923863887786865,0.9514789296346018,0.0004948613532708181,1748944156.060564
2015,0.027789607644081116,-0.8670276403427124,0.0,0.7616352438926697,0.9514789296346018,0.0004948588149704205,1748944156.1227508
2016,0.03997073695063591,-0.9477193355560303,0.0,1.1518293619155884,0.9514789296346018,0.0004948562766830427,1748944156.1804936
2017,0.031180519610643387,-0.8689552545547485,0.0,0.6840815544128418,0.9514789296346018,0.0004948537384086846,1748944156.2392523
2018,0.030056865885853767,-0.8070855736732483,0.0,1.145283818244934,0.9514789296346018,0.0004948512001473461,1748944156.2979383
2019,0.06064460426568985,-0.6693153977394104,0.0,1.9822542667388916,0.9514789296346018,0.0004948486618990271,1748944156.3571596
2020,0.0315355584025383,-0.8863555192947388,0.0,0.9982147216796875,0.9514789296346018,0.0004948461236637277,1748944156.4187624
2021,0.025300800800323486,-0.7853648662567139,0.0,0.7253585457801819,0.9514789296346018,0.0004948435854414476,1748944156.481236
2022,0.039513103663921356,-0.816836416721344,0.0,0.9707533121109009,0.9514789296346018,0.0004948410472321869,1748944156.5385544
2023,0.029587360098958015,-0.8183919191360474,0.0,0.9944466948509216,0.9514789296346018,0.0004948385090359454,1748944156.5986087
2024,0.052322953939437866,-0.8752332329750061,0.0,2.5362350940704346,0.9514789296346018,0.0004948359708527232,1748944156.6568124
2025,0.03959507495164871,-0.7940247058868408,0.0,1.182208776473999,0.9514789296346018,0.0004948334326825201,1748944156.716685
2026,0.03349485248327255,-0.7089956402778625,0.0,0.9740828275680542,0.9514789296346018,0.0004948308945253361,1748944156.7770686
2027,0.0385637991130352,-0.8015698790550232,0.0,1.4921543598175049,0.9514789296346018,0.0004948283563811711,1748944156.8388536
2028,0.048112913966178894,-0.9740586280822754,0.0,1.58675217628479,0.9514789296346018,0.0004948258182500251,1748944156.8980725
2029,0.035824935883283615,-0.8485606908798218,0.0,0.9852889776229858,0.9514789296346018,0.0004948232801318979,1748944156.9554172
2030,0.035622574388980865,-0.8721469640731812,0.0,1.0717545747756958,0.9514789296346018,0.0004948207420267895,1748944157.0141516
2031,0.0427364856004715,-0.8399444818496704,0.0,1.665549635887146,0.9514789296346018,0.0004948182039346998,1748944157.073305
2032,0.02793583646416664,-0.9557473659515381,0.0,1.433340311050415,0.9514789296346018,0.0004948156658556289,1748944157.1345804
2033,0.03872881457209587,-0.9690030217170715,0.0,2.0054922103881836,0.9514789296346018,0.0004948131277895765,1748944157.1978106
2034,0.048864077776670456,-0.7136383056640625,0.0,1.185965895652771,0.9514789296346018,0.0004948105897365427,1748944157.2569356
2035,0.04209358990192413,-0.8186575174331665,0.0,1.6302533149719238,0.9514789296346018,0.0004948080516965274,1748944157.3192782
2036,0.033480942249298096,-0.7153600454330444,0.0,1.0812346935272217,0.9514789296346018,0.0004948055136695305,1748944157.381779
2037,0.047037191689014435,-0.7315565347671509,0.0,1.4665477275848389,0.9514789296346018,0.000494802975655552,1748944157.4419522
2038,0.026907365769147873,-0.7324331402778625,0.0,1.2325856685638428,0.9514789296346018,0.0004948004376545917,1748944157.5025573
2039,0.035803407430648804,-0.7998228073120117,0.0,1.110697627067566,0.9514789296346018,0.0004947978996666496,1748944157.5651727
2040,0.027633467689156532,-0.8435636758804321,0.0,1.0054347515106201,0.9514789296346018,0.0004947953616917256,1748944157.6240783
2041,0.03436155617237091,-0.8643943667411804,0.0,1.1534849405288696,0.9514789296346018,0.0004947928237298198,1748944157.6842413
2042,0.0490848645567894,-0.7512778043746948,0.0,2.7562754154205322,0.9514789296346018,0.000494790285780932,1748944157.7469983
2043,0.02867804281413555,-0.8534213304519653,0.0,0.8797116875648499,0.9514789296346018,0.0004947877478450621,1748944157.8067112
2044,0.03368314355611801,-0.7449878454208374,0.0,1.0153756141662598,0.9514789296346018,0.00049478520992221,1748944157.8648098
2045,0.033856794238090515,-0.7832599878311157,0.0,0.8245062828063965,0.9514789296346018,0.0004947826720123758,1748944157.9240234
2046,0.038270965218544006,-0.6860721111297607,0.0,1.2134438753128052,0.9514789296346018,0.0004947801341155594,1748944157.983583
2047,0.023361369967460632,-0.8902729749679565,0.0,1.117687702178955,0.9514789296346018,0.0004947775962317605,1748944158.0446005
2048,0.0338086374104023,-0.8699687719345093,0.0,0.970567524433136,0.9514789296346018,0.0004947750583609794,1748944158.105368
2049,0.02796364389359951,-0.852684736251831,0.0,0.9191570281982422,0.9514789296346018,0.0004947725205032157,1748944158.163968
2050,0.032940901815891266,-0.9137650728225708,0.0,1.1379460096359253,0.9514789296346018,0.0004947699826584695,1748944158.2224827
2051,0.018617726862430573,-0.7915727496147156,0.0,0.5308260917663574,0.9514789296346018,0.0004947674448267408,1748944158.280218
2052,0.03018217347562313,-0.8485461473464966,0.0,0.9788646101951599,0.9514789296346018,0.0004947649070080293,1748944158.3399675
2053,0.03647966682910919,-0.7646507620811462,0.0,1.1979349851608276,0.9514789296346018,0.0004947623692023351,1748944158.4006555
2054,0.03670312464237213,-0.8314392566680908,0.0,0.874734103679657,0.9514789296346018,0.0004947598314096582,1748944158.4636805
2055,0.0416153259575367,-0.9045010209083557,0.0,0.7997187376022339,0.9514789296346018,0.0004947572936299984,1748944158.5222943
2056,0.0224040225148201,-0.6352632641792297,0.0,0.770587146282196,0.9514789296346018,0.0004947547558633557,1748944158.5826263
2057,0.025434907525777817,-0.5824664831161499,0.0,0.8291184902191162,0.9514789296346018,0.0004947522181097299,1748944158.6412177
2058,0.04567275941371918,-0.7314807772636414,0.0,1.269175410270691,0.9514789296346018,0.0004947496803691212,1748944158.7030506
2059,0.04614650458097458,-0.6379764080047607,0.0,1.3727370500564575,0.9514789296346018,0.0004947471426415293,1748944158.764592
2060,0.03698679804801941,-0.7765010595321655,0.0,1.1252111196517944,0.9514789296346018,0.0004947446049269542,1748944158.8223274
2061,0.026798810809850693,-0.7839977741241455,0.0,1.2163668870925903,0.9514789296346018,0.0004947420672253959,1748944158.8815074
2062,0.025481265038251877,-0.9000890851020813,0.0,0.7467012405395508,0.9514789296346018,0.0004947395295368542,1748944158.943955
2063,0.02940862625837326,-0.8837419748306274,0.0,1.1726044416427612,0.9514789296346018,0.0004947369918613291,1748944159.005267
2064,0.032579150050878525,-0.8393616676330566,0.0,1.5576153993606567,0.9514789296346018,0.0004947344541988205,1748944159.0640411
2065,0.0312727689743042,-0.7638275623321533,0.0,1.0216120481491089,0.9514789296346018,0.0004947319165493285,1748944159.1234136
2066,0.036829084157943726,-0.7301242351531982,0.0,0.9216503500938416,0.9514789296346018,0.0004947293789128528,1748944159.1831517
2067,0.03254896402359009,-0.9697604179382324,0.0,1.0335495471954346,0.9514789296346018,0.0004947268412893935,1748944159.2466598
2068,0.028637591749429703,-0.9642608165740967,0.0,1.106407880783081,0.9514789296346018,0.0004947243036789505,1748944159.307169
2069,1.5571259260177612,-0.7669329643249512,0.0,1.850326418876648,0.9514789296346018,0.0004947217660815237,1748944159.3719795
2070,0.03625466674566269,-0.8847483396530151,0.0,1.6674458980560303,0.9514789296346018,0.000494719228497113,1748944159.4324143
2071,0.03331541270017624,-0.9992889165878296,0.0,1.15494966506958,0.9514789296346018,0.0004947166909257183,1748944159.493875
2072,0.032557517290115356,-0.651931643486023,0.0,0.7830920815467834,0.9514789296346018,0.0004947141533673397,1748944159.5558116
2073,0.038554802536964417,-0.8375957012176514,0.0,1.1031523942947388,0.9514789296346018,0.000494711615821977,1748944159.6143668
2074,0.039028599858284,-0.8975509405136108,0.0,1.449116826057434,0.9514789296346018,0.0004947090782896302,1748944159.6725569
2075,0.02302377298474312,-0.6992262601852417,0.0,0.8744452595710754,0.9514789296346018,0.0004947065407702992,1748944159.7309742
2076,0.051006484776735306,-0.8297355771064758,0.0,2.0480740070343018,0.9514789296346018,0.0004947040032639839,1748944159.7890944
2077,1.550559401512146,-0.9156088829040527,0.0,1.0001988410949707,0.9514789296346018,0.0004947014657706843,1748944159.8487296
2078,0.018201284110546112,-0.9810653924942017,0.0,0.7459534406661987,0.9514789296346018,0.0004946989282904004,1748944159.9129775
2079,0.03169509023427963,-0.8516439199447632,0.0,0.9889471530914307,0.9514789296346018,0.000494696390823132,1748944159.973744
2080,0.035385046154260635,-0.7947530746459961,0.0,1.2614386081695557,0.9514789296346018,0.000494693853368879,1748944160.0330586
2081,0.03702056407928467,-0.877103328704834,0.0,1.3025416135787964,0.9514789296346018,0.0004946913159276414,1748944160.0944571
2082,0.034150272607803345,-0.6795833706855774,0.0,1.0104082822799683,0.9514789296346018,0.0004946887784994192,1748944160.1566408
2083,0.040496569126844406,-0.849801778793335,0.0,0.9345985054969788,0.9514789296346018,0.0004946862410842122,1748944160.2188966
2084,0.0415128618478775,-0.9431764483451843,0.0,1.1398208141326904,0.9514789296346018,0.0004946837036820205,1748944160.2810965
2085,0.03695173189043999,-0.8492950201034546,0.0,1.1610218286514282,0.9514789296346018,0.0004946811662928438,1748944160.3400102
2086,0.03272220119833946,-0.8349130153656006,0.0,0.8534725904464722,0.9514789296346018,0.0004946786289166823,1748944160.398585
2087,0.02577202022075653,-0.8612769842147827,0.0,0.7310502529144287,0.9514789296346018,0.0004946760915535358,1748944160.4619522
2088,0.03869926929473877,-0.7637105584144592,0.0,1.3688483238220215,0.9514789296346018,0.0004946735542034042,1748944160.5229328
2089,0.019721079617738724,-0.9226148128509521,0.0,1.2514679431915283,0.9514789296346018,0.0004946710168662875,1748944160.5817966
2090,0.030494118109345436,-0.934696614742279,0.0,0.8889074921607971,0.9514789296346018,0.0004946684795421856,1748944160.6420612
2091,0.03541109710931778,-0.9752172231674194,0.0,0.7638797163963318,0.9514789296346018,0.0004946659422310983,1748944160.705504
2092,1.556305170059204,-0.8240593671798706,0.0,1.218279480934143,0.9514789296346018,0.0004946634049330259,1748944160.7638528
2093,0.024555593729019165,-0.7682580351829529,0.0,0.9139919281005859,0.9514789296346018,0.000494660867647968,1748944160.8232846
2094,0.032360970973968506,-0.9919886589050293,0.0,0.8989541530609131,0.9514789296346018,0.0004946583303759246,1748944160.8839593
2095,0.038546763360500336,-0.8266817331314087,0.0,0.8477054238319397,0.9514789296346018,0.0004946557931168957,1748944160.9444592
2096,0.027789592742919922,-0.8886144161224365,0.0,0.8537166714668274,0.9514789296346018,0.0004946532558708812,1748944161.006685
2097,0.047419726848602295,-0.9730098843574524,0.0,2.4070510864257812,0.9514789296346018,0.000494650718637881,1748944161.0648148
2098,0.037162862718105316,-1.0993468761444092,0.0,1.1926724910736084,0.9514789296346018,0.0004946481814178951,1748944161.1223552
2099,0.03211703151464462,-0.8319768905639648,0.0,1.1840585470199585,0.9514789296346018,0.0004946456442109235,1748944161.1821735
2100,0.02932056412100792,-1.0093050003051758,0.0,0.9922078847885132,0.9514789296346018,0.0004946431070169659,1748944161.2441924
2101,0.030446134507656097,-0.8338981866836548,0.0,1.4008152484893799,0.9514789296346018,0.0004946405698360224,1748944161.3059661
2102,0.029538946226239204,-0.903416633605957,0.0,1.2650694847106934,0.9514789296346018,0.000494638032668093,1748944161.3651924
2103,0.0411202497780323,-1.0142393112182617,0.0,1.0096970796585083,0.9514789296346018,0.0004946354955131775,1748944161.430963
2104,0.03248568996787071,-0.9075377583503723,0.0,0.8980225920677185,0.9514789296346018,0.0004946329583712757,1748944161.4896443
2105,0.04466288536787033,-0.8564993143081665,0.0,1.429886817932129,0.9514789296346018,0.0004946304212423879,1748944161.5479674
2106,0.03383363038301468,-0.7186199426651001,0.0,1.1104998588562012,0.9514789296346018,0.0004946278841265137,1748944161.6076846
2107,0.03272956609725952,-0.6017481088638306,0.0,1.510014533996582,0.9514789296346018,0.0004946253470236534,1748944161.6717336
2108,0.032104555517435074,-0.9468110203742981,0.0,0.7681947946548462,0.9514789296346018,0.0004946228099338064,1748944161.7315083
2109,0.032684288918972015,-0.9016472101211548,0.0,1.4351693391799927,0.9514789296346018,0.0004946202728569731,1748944161.790141
2110,0.027397966012358665,-0.940874457359314,0.0,1.2364634275436401,0.9514789296346018,0.0004946177357931533,1748944161.8489037
2111,0.03345847129821777,-0.9491821527481079,0.0,0.9429740309715271,0.9514789296346018,0.0004946151987423468,1748944161.9097676
2112,0.03220660239458084,-0.8751810789108276,0.0,1.105443000793457,0.9514789296346018,0.0004946126617045537,1748944161.9729106
2113,0.03332078084349632,-0.8577703237533569,0.0,0.9626586437225342,0.9514789296346018,0.0004946101246797739,1748944162.0321813
2114,0.0387851744890213,-0.9455960988998413,0.0,0.9029855728149414,0.9514789296346018,0.0004946075876680072,1748944162.0938437
2115,0.03216986730694771,-0.7592945098876953,0.0,1.0435644388198853,0.9514789296346018,0.0004946050506692538,1748944162.1554697
2116,0.0384669229388237,-0.5909793376922607,0.0,1.734851598739624,0.9514789296346018,0.0004946025136835133,1748944162.215152
2117,0.03835788741707802,-0.7562281489372253,0.0,1.2716439962387085,0.9514789296346018,0.0004945999767107859,1748944162.2742324
2118,0.024306200444698334,-0.6594393253326416,0.0,0.7633036375045776,0.9514789296346018,0.0004945974397510714,1748944162.335384
2119,0.03651483729481697,-0.762391209602356,0.0,1.00063157081604,0.9514789296346018,0.0004945949028043698,1748944162.397366
2120,0.03157923370599747,-0.7942732572555542,0.0,1.0299429893493652,0.9514789296346018,0.0004945923658706809,1748944162.4568
2121,0.028215277940034866,-0.9146376848220825,0.0,0.879187822341919,0.9514789296346018,0.0004945898289500049,1748944162.5166726
2122,0.040807560086250305,-0.8923300504684448,0.0,0.9863153696060181,0.9514789296346018,0.0004945872920423415,1748944162.577681
2123,0.024058576673269272,-0.8477671146392822,0.0,0.9326692819595337,0.9514789296346018,0.0004945847551476906,1748944162.6387994
2124,0.02886173129081726,-0.8600281476974487,0.0,1.3655526638031006,0.9514789296346018,0.0004945822182660524,1748944162.6980748
2125,0.01933090202510357,-0.9934366345405579,0.0,0.8364652991294861,0.9514789296346018,0.0004945796813974265,1748944162.7566254
2126,0.03921304643154144,-0.8879563212394714,0.0,1.4149682521820068,0.9514789296346018,0.0004945771445418131,1748944162.8150494
2127,0.026570945978164673,-0.8566832542419434,0.0,0.939526379108429,0.9514789296346018,0.000494574607699212,1748944162.8787308
2128,0.033148132264614105,-0.5462054014205933,0.0,1.0182931423187256,0.9514789296346018,0.0004945720708696233,1748944162.9397728
2129,0.039056871086359024,-0.9320518970489502,0.0,1.1413531303405762,0.9514789296346018,0.0004945695340530466,1748944162.9993322
2130,0.03598751127719879,-0.7277964353561401,0.0,0.9645224213600159,0.9514789296346018,0.0004945669972494822,1748944163.0616755
2131,0.030524883419275284,-0.8266531229019165,0.0,1.3884484767913818,0.9514789296346018,0.0004945644604589297,1748944163.12169
2132,0.02950161136686802,-0.9130336046218872,0.0,1.3094282150268555,0.9514789296346018,0.0004945619236813893,1748944163.180582
2133,0.02355872094631195,-0.9310351610183716,0.0,1.0007939338684082,0.9514789296346018,0.000494559386916861,1748944163.2389543
2134,0.037265025079250336,-0.8676161170005798,0.0,1.1658047437667847,0.9514789296346018,0.0004945568501653443,1748944163.2988667
2135,0.03271285071969032,-0.6504763960838318,0.0,0.8296971321105957,0.9514789296346018,0.0004945543134268395,1748944163.3585393
2136,0.028090190142393112,-0.6921045780181885,0.0,1.3206826448440552,0.9514789296346018,0.0004945517767013464,1748944163.4191723
2137,0.031808264553546906,-0.9680337905883789,0.0,1.2043908834457397,0.9514789296346018,0.000494549239988865,1748944163.4808521
2138,0.03139900788664818,-0.794960618019104,0.0,0.9623078107833862,0.9514789296346018,0.0004945467032893953,1748944163.5394185
2139,0.03832106664776802,-0.7142291069030762,0.0,0.8175645470619202,0.9514789296346018,0.0004945441666029369,1748944163.601746
2140,0.0354866161942482,-0.7919137477874756,0.0,1.4960408210754395,0.9514789296346018,0.0004945416299294901,1748944163.6640441
2141,0.022641519084572792,-0.8515779972076416,0.0,1.0561225414276123,0.9514789296346018,0.0004945390932690548,1748944163.7230942
2142,0.012467735446989536,-0.7942573428153992,0.0,0.49472421407699585,0.9514789296346018,0.0004945365566216307,1748944163.7821035
2143,0.03851011395454407,-0.73995041847229,0.0,0.9033370018005371,0.9514789296346018,0.000494534019987218,1748944163.8420846
2144,0.028729071840643883,-0.7386103868484497,0.0,1.0848701000213623,0.9514789296346018,0.0004945314833658163,1748944163.9054806
2145,0.024392008781433105,-0.8585916757583618,0.0,1.22322678565979,0.9514789296346018,0.0004945289467574259,1748944163.9640632
2146,0.03917006403207779,-0.9380955696105957,0.0,2.0274834632873535,0.9514789296346018,0.0004945264101620464,1748944164.0234654
2147,0.0365944541990757,-0.9373787641525269,0.0,1.2547438144683838,0.9514789296346018,0.0004945238735796781,1748944164.0821097
2148,0.04602629691362381,-0.9187737703323364,0.0,1.4339609146118164,0.9514789296346018,0.0004945213370103206,1748944164.146607
2149,0.023342249915003777,-0.8721541166305542,0.0,0.7773205637931824,0.9514789296346018,0.0004945188004539739,1748944164.2069297
2150,0.032097574323415756,-1.070432186126709,0.0,1.1271286010742188,0.9514789296346018,0.0004945162639106382,1748944164.2667243
2151,0.03560001403093338,-0.9241067171096802,0.0,1.1783932447433472,0.9514789296346018,0.0004945137273803131,1748944164.3290124
2152,0.02596932090818882,-0.6144994497299194,0.0,0.6205728650093079,0.9514789296346018,0.0004945111908629987,1748944164.3900225
2153,0.02207525633275509,-0.9504613876342773,0.0,0.7853474020957947,0.9514789296346018,0.0004945086543586949,1748944164.4505155
2154,0.039065081626176834,-0.678777813911438,0.0,1.1185588836669922,0.9514789296346018,0.0004945061178674016,1748944164.513141
2155,0.03240342438220978,-0.9382474422454834,0.0,0.7468164563179016,0.9514789296346018,0.0004945035813891188,1748944164.5729165
2156,0.029513008892536163,-0.8067570924758911,0.0,1.1321157217025757,0.9514789296346018,0.0004945010449238465,1748944164.6309304
2157,0.03126542270183563,-0.7438104748725891,0.0,1.0139108896255493,0.9514789296346018,0.0004944985084715844,1748944164.6914942
2158,1.5589444637298584,-0.9885735511779785,0.0,1.6021037101745605,0.9514789296346018,0.0004944959720323326,1748944164.752842
2159,0.028958771377801895,-0.9865990877151489,0.0,0.6172285079956055,0.9514789296346018,0.000494493435606091,1748944164.8151476
2160,0.024840056896209717,-0.8861215114593506,0.0,1.2351901531219482,0.9514789296346018,0.0004944908991928595,1748944164.8748455
2161,0.0322963185608387,-0.8267951607704163,0.0,0.9846201539039612,0.9514789296346018,0.0004944883627926381,1748944164.936619
2162,0.03640707954764366,-0.844565749168396,0.0,1.0396546125411987,0.9514789296346018,0.0004944858264054267,1748944164.9983082
2163,0.035155441612005234,-0.7462247014045715,0.0,1.3161776065826416,0.9514789296346018,0.0004944832900312253,1748944165.0568266
2164,0.04801233485341072,-1.0844695568084717,0.0,1.8817970752716064,0.9514789296346018,0.0004944807536700337,1748944165.1152937
2165,0.02994525618851185,-0.8934513330459595,0.0,0.8009439706802368,0.9514789296346018,0.0004944782173218518,1748944165.1751404
2166,0.029806027188897133,-0.9738702774047852,0.0,1.092702865600586,0.9514789296346018,0.0004944756809866797,1748944165.2358334
2167,0.02218557521700859,-0.7445673942565918,0.0,0.6204842925071716,0.9514789296346018,0.0004944731446645173,1748944165.2976677
2168,0.025517424568533897,-0.734254002571106,0.0,0.8944044709205627,0.9514789296346018,0.0004944706083553645,1748944165.356563
2169,0.031717825680971146,-0.9057964086532593,0.0,0.7992875576019287,0.9514789296346018,0.0004944680720592212,1748944165.414942
2170,0.03864723816514015,-0.8538120985031128,0.0,1.432705044746399,0.9514789296346018,0.0004944655357760875,1748944165.473744
2171,0.03676174581050873,-1.094814658164978,0.0,1.1259771585464478,0.9514789296346018,0.000494462999505963,1748944165.5321038
2172,0.03949294984340668,-0.8554733991622925,0.0,1.0268206596374512,0.9514789296346018,0.0004944604632488479,1748944165.5957186
2173,0.02808859944343567,-0.7569747567176819,0.0,0.7508934736251831,0.9514789296346018,0.0004944579270047421,1748944165.6555068
2174,0.031375810503959656,-0.9349083304405212,0.0,0.9137759208679199,0.9514789296346018,0.0004944553907736455,1748944165.715335
2175,0.033461276441812515,-0.9420855045318604,0.0,2.0693981647491455,0.9514789296346018,0.000494452854555558,1748944165.7740257
2176,0.046165287494659424,-0.9740728139877319,0.0,1.2710808515548706,0.9514789296346018,0.0004944503183504796,1748944165.8340073
2177,0.03176750987768173,-1.1864980459213257,0.0,1.05683171749115,0.9514789296346018,0.0004944477821584102,1748944165.894133
2178,0.02269136905670166,-0.7754564881324768,0.0,1.1178622245788574,0.9514789296346018,0.0004944452459793496,1748944165.9552817
2179,0.036892421543598175,-0.928759753704071,0.0,1.4377979040145874,0.9514789296346018,0.000494442709813298,1748944166.0148325
2180,0.034751176834106445,-0.7906646728515625,0.0,0.7682433128356934,0.9514789296346018,0.0004944401736602551,1748944166.073764
2181,0.02979407086968422,-0.9162702560424805,0.0,0.9656348824501038,0.9514789296346018,0.000494437637520221,1748944166.135653
2182,0.03067863918840885,-0.9572544693946838,0.0,1.1742980480194092,0.9514789296346018,0.0004944351013931956,1748944166.195488
2183,0.031319692730903625,-0.7841735482215881,0.0,0.8965182304382324,0.9514789296346018,0.0004944325652791788,1748944166.256612
2184,0.025622878223657608,-0.9251312613487244,0.0,0.7106422185897827,0.9514789296346018,0.0004944300291781704,1748944166.314678
2185,1.5485992431640625,-0.9497370719909668,0.0,1.1257296800613403,0.9514789296346018,0.0004944274930901706,1748944166.3778827
2186,0.03378484398126602,-0.7577595114707947,0.0,1.1358669996261597,0.9514789296346018,0.0004944249570151792,1748944166.4399757
2187,0.03565528988838196,-0.8537527322769165,0.0,1.0133652687072754,0.9514789296346018,0.000494422420953196,1748944166.497649
2188,0.021838320419192314,-0.8122284412384033,0.0,0.6382487416267395,0.9514789296346018,0.0004944198849042211,1748944166.5553973
2189,0.04825228452682495,-0.890894889831543,0.0,1.3980170488357544,0.9514789296346018,0.0004944173488682545,1748944166.6150074
2190,0.028287701308727264,-0.9431163668632507,0.0,0.9626716375350952,0.9514789296346018,0.0004944148128452959,1748944166.6766992
2191,0.033314310014247894,-1.096358299255371,0.0,0.9640631079673767,0.9514789296346018,0.0004944122768353455,1748944166.7387805
2192,0.029075846076011658,-0.7332088947296143,0.0,1.307398796081543,0.9514789296346018,0.0004944097408384031,1748944166.7977426
2193,0.03030511550605297,-0.935089111328125,0.0,0.8368881344795227,0.9514789296346018,0.0004944072048544686,1748944166.8565462
2194,0.024848049506545067,-0.858403205871582,0.0,1.013149619102478,0.9514789296346018,0.0004944046688835418,1748944166.9146314
2195,0.034445762634277344,-0.9522181153297424,0.0,0.8520249724388123,0.9514789296346018,0.000494402132925623,1748944166.974956
2196,0.023335132747888565,-1.0846192836761475,0.0,1.232120394706726,0.9514789296346018,0.0004943995969807119,1748944167.03571
2197,0.03566816821694374,-0.9980254173278809,0.0,1.199581265449524,0.9514789296346018,0.0004943970610488084,1748944167.0968127
2198,0.028360022231936455,-0.8777505159378052,0.0,0.559303343296051,0.9514789296346018,0.0004943945251299124,1748944167.1571176
2199,0.03606743365526199,-0.8354325890541077,0.0,1.0232000350952148,0.9514789296346018,0.0004943919892240242,1748944167.2172375
2200,0.02282264642417431,-0.7561638951301575,0.0,0.6819245219230652,0.9514789296346018,0.0004943894533311433,1748944167.277905
2201,0.024139218032360077,-0.8529759645462036,0.0,1.1204980611801147,0.9514789296346018,0.0004943869174512698,1748944167.3399897
2202,0.02556704729795456,-0.7588037848472595,0.0,1.3172874450683594,0.9514789296346018,0.0004943843815844036,1748944167.4028733
2203,0.028656238690018654,-0.8360235691070557,0.0,1.342597246170044,0.9514789296346018,0.0004943818457305446,1748944167.4647768
2204,0.023022886365652084,-0.8913202285766602,0.0,0.7935193181037903,0.9514789296346018,0.000494379309889693,1748944167.5305066
2205,0.044544100761413574,-1.0273112058639526,0.0,1.6633691787719727,0.9481095053507936,0.0004943767740618484,1748944167.5907438
2206,0.03539872169494629,-0.8373221158981323,0.0,1.1168965101242065,0.9481095053507936,0.0004943742382470109,1748944167.6524768
2207,0.02922450378537178,-0.820173978805542,0.0,0.7441824674606323,0.9481095053507936,0.0004943717024451803,1748944167.7142591
2208,0.025770165026187897,-0.7769498825073242,0.0,0.8651989102363586,0.9481095053507936,0.0004943691666563568,1748944167.7735999
2209,0.03545854240655899,-1.0603883266448975,0.0,1.2382851839065552,0.9481095053507936,0.0004943666308805401,1748944167.8353467
2210,1.541124701499939,-1.059229850769043,0.0,1.2830215692520142,0.9481095053507936,0.0004943640951177302,1748944167.8975437
2211,0.035277314484119415,-0.8019722700119019,0.0,1.1292392015457153,0.9481095053507936,0.0004943615593679269,1748944167.9559457
2212,0.037616997957229614,-0.9626144766807556,0.0,0.8846651315689087,0.9481095053507936,0.0004943590236311304,1748944168.0140834
2213,0.02825874090194702,-0.9227673411369324,0.0,1.0289658308029175,0.9481095053507936,0.0004943564879073404,1748944168.0723498
2214,0.02426133118569851,-0.9351939558982849,0.0,1.0393056869506836,0.9481095053507936,0.0004943539521965571,1748944168.130966
2215,0.03194263577461243,-1.0509792566299438,0.0,0.8192782998085022,0.9481095053507936,0.0004943514164987801,1748944168.1906896
2216,0.036661118268966675,-0.9623613357543945,0.0,1.1410021781921387,0.9481095053507936,0.0004943488808140095,1748944168.2542002
2217,0.019041426479816437,-0.7012691497802734,0.0,0.8851986527442932,0.9481095053507936,0.0004943463451422453,1748944168.315459
2218,0.04332728311419487,-0.849885106086731,0.0,0.816328763961792,0.9481095053507936,0.0004943438094834874,1748944168.3753934
2219,0.03250161558389664,-0.8565024137496948,0.0,1.0209782123565674,0.9481095053507936,0.0004943412738377356,1748944168.4376137
2220,0.0278935469686985,-0.8175466060638428,0.0,0.7766716480255127,0.9481095053507936,0.00049433873820499,1748944168.4981604
2221,0.03941689059138298,-0.7388466000556946,0.0,1.225502371788025,0.9481095053507936,0.0004943362025852504,1748944168.5565124
2222,0.03189428523182869,-0.7945569157600403,0.0,0.8911726474761963,0.9481095053507936,0.0004943336669785168,1748944168.6166306
2223,0.02638886868953705,-0.7976980805397034,0.0,0.8351234197616577,0.9481095053507936,0.0004943311313847892,1748944168.6778803
2224,0.031195104122161865,-0.9057825207710266,0.0,1.383992314338684,0.9481095053507936,0.0004943285958040674,1748944168.740314
2225,0.03487798571586609,-0.9638047218322754,0.0,1.4223836660385132,0.9481095053507936,0.0004943260602363514,1748944168.7996936
2226,0.0330970361828804,-0.8814257979393005,0.0,0.6360204815864563,0.9481095053507936,0.0004943235246816412,1748944168.863714
2227,0.027701079845428467,-0.9058765172958374,0.0,0.8166282176971436,0.9481095053507936,0.0004943209891399365,1748944168.9241786
2228,0.022562474012374878,-0.9330121874809265,0.0,0.8327527046203613,0.9481095053507936,0.0004943184536112375,1748944168.9865606
2229,0.031027400866150856,-0.7668048739433289,0.0,1.1232764720916748,0.9481095053507936,0.0004943159180955441,1748944169.0480635
2230,0.021502980962395668,-1.0657563209533691,0.0,0.898063063621521,0.9481095053507936,0.0004943133825928561,1748944169.1067572
2231,0.02515646442770958,-0.8356597423553467,0.0,0.7530681490898132,0.9481095053507936,0.0004943108471031734,1748944169.164472
2232,0.03473075479269028,-0.9737535715103149,0.0,1.5167986154556274,0.9481095053507936,0.0004943083116264961,1748944169.2231724
2233,0.03391113504767418,-0.9146517515182495,0.0,0.7545086741447449,0.9481095053507936,0.0004943057761628241,1748944169.2817173
2234,0.02980610355734825,-0.8986740112304688,0.0,1.3131911754608154,0.9481095053507936,0.0004943032407121572,1748944169.340852
2235,0.031583428382873535,-0.9334590435028076,0.0,0.9830811619758606,0.9481095053507936,0.0004943007052744955,1748944169.4012177
2236,0.03053518943488598,-0.7749412059783936,0.0,0.9842827320098877,0.9481095053507936,0.000494298169849839,1748944169.464976
2237,0.02474210411310196,-0.95688396692276,0.0,0.8986356854438782,0.9481095053507936,0.0004942956344381873,1748944169.5251205
2238,0.02059238776564598,-0.9331213235855103,0.0,0.5702003240585327,0.9481095053507936,0.0004942930990395406,1748944169.5854938
2239,0.03071807511150837,-0.9506675004959106,0.0,1.0373808145523071,0.9481095053507936,0.0004942905636538987,1748944169.648848
2240,0.03396521136164665,-1.048901081085205,0.0,0.7636093497276306,0.9481095053507936,0.0004942880282812616,1748944169.7089171
2241,0.024181224405765533,-0.9126841425895691,0.0,0.7547078728675842,0.9481095053507936,0.0004942854929216293,1748944169.7715557
2242,0.022665031254291534,-0.8828908205032349,0.0,0.937831461429596,0.9481095053507936,0.0004942829575750017,1748944169.8319836
2243,0.027901099994778633,-0.9505799412727356,0.0,0.9030799269676208,0.9481095053507936,0.0004942804222413786,1748944169.8917742
2244,0.027913140133023262,-0.8193305134773254,0.0,0.9818539023399353,0.9481095053507936,0.00049427788692076,1748944169.951882
2245,0.021204913035035133,-0.8871918320655823,0.0,1.1415354013442993,0.9481095053507936,0.0004942753516131459,1748944170.0134099
2246,0.02521534636616707,-0.8606738448143005,0.0,0.9046696424484253,0.9481095053507936,0.0004942728163185362,1748944170.07389
2247,0.016637787222862244,-0.830618679523468,0.0,0.4949970245361328,0.9481095053507936,0.0004942702810369309,1748944170.135837
2248,0.028154371306300163,-0.7628327012062073,0.0,0.918864369392395,0.9481095053507936,0.0004942677457683297,1748944170.1974206
2249,0.031549543142318726,-0.8409675359725952,0.0,0.6422131061553955,0.9481095053507936,0.0004942652105127329,1748944170.2571287
2250,0.03145567327737808,-0.8055237531661987,0.0,0.8792159557342529,0.9481095053507936,0.00049426267527014,1748944170.3153234
2251,0.02577444165945053,-0.7278528213500977,0.0,0.9403594732284546,0.9481095053507936,0.0004942601400405514,1748944170.3767352
2252,0.02849959209561348,-0.9389548301696777,0.0,1.127611517906189,0.9481095053507936,0.0004942576048239666,1748944170.4359288
2253,0.021847639232873917,-0.9413705468177795,0.0,0.8722699880599976,0.9481095053507936,0.0004942550696203858,1748944170.49788
2254,0.029438726603984833,-0.8847883939743042,0.0,0.76167231798172,0.9481095053507936,0.0004942525344298089,1748944170.5568945
2255,0.032437920570373535,-0.8046643733978271,0.0,1.3753976821899414,0.9481095053507936,0.0004942499992522357,1748944170.6165726
2256,0.03622295707464218,-1.1001368761062622,0.0,1.0391736030578613,0.9481095053507936,0.0004942474640876663,1748944170.6778111
2257,0.03604801371693611,-0.715100884437561,0.0,1.0587133169174194,0.9481095053507936,0.0004942449289361006,1748944170.7398684
2258,0.02676532417535782,-0.8715152740478516,0.0,0.8063451647758484,0.9481095053507936,0.0004942423937975384,1748944170.7979808
2259,0.027188684791326523,-0.885509729385376,0.0,1.0215801000595093,0.9481095053507936,0.0004942398586719798,1748944170.8585355
2260,0.02749192900955677,-0.9591041803359985,0.0,0.8072681427001953,0.9481095053507936,0.0004942373235594246,1748944170.9229379
2261,0.030922379344701767,-0.8810921907424927,0.0,0.7764531373977661,0.9481095053507936,0.0004942347884598728,1748944170.9817183
2262,0.022902145981788635,-1.0300450325012207,0.0,1.188646912574768,0.9481095053507936,0.0004942322533733244,1748944171.0475688
2263,0.03139709681272507,-0.9432206153869629,0.0,1.3306561708450317,0.9481095053507936,0.0004942297182997792,1748944171.1067045
2264,0.036756619811058044,-1.0235270261764526,0.0,0.9356226921081543,0.9481095053507936,0.0004942271832392371,1748944171.1651647
2265,0.030792756006121635,-0.7868093252182007,0.0,0.6634066104888916,0.9481095053507936,0.0004942246481916984,1748944171.2255194
2266,0.03712072968482971,-0.7504914999008179,0.0,1.0823460817337036,0.9481095053507936,0.0004942221131571625,1748944171.2866454
2267,0.02921789139509201,-0.928090512752533,0.0,1.5181108713150024,0.9481095053507936,0.0004942195781356297,1748944171.3481076
2268,0.026822587475180626,-0.7475625872612,0.0,1.1689149141311646,0.9481095053507936,0.0004942170431270998,1748944171.4055123
2269,0.03391898423433304,-0.9477300643920898,0.0,1.3278083801269531,0.9481095053507936,0.0004942145081315727,1748944171.4653533
2270,0.0222907904535532,-1.2284080982208252,0.0,1.222926139831543,0.9481095053507936,0.0004942119731490486,1748944171.5257769
2271,0.03480496257543564,-0.8601393103599548,0.0,1.0199575424194336,0.9481095053507936,0.000494209438179527,1748944171.5893195
2272,0.0152168283239007,-0.7432922124862671,0.0,0.565229058265686,0.9481095053507936,0.0004942069032230082,1748944171.6478367
2273,0.023195859044790268,-0.9424444437026978,0.0,0.8770667910575867,0.9481095053507936,0.0004942043682794919,1748944171.7065592
2274,0.031886760145425797,-1.0535075664520264,0.0,1.2956037521362305,0.9481095053507936,0.0004942018333489783,1748944171.7641673
2275,0.018039928749203682,-0.9262629747390747,0.0,0.819537878036499,0.9481095053507936,0.0004941992984314669,1748944171.8248134
2276,0.028880011290311813,-0.8988697528839111,0.0,0.8365018963813782,0.9481095053507936,0.000494196763526958,1748944171.887567
2277,0.022385679185390472,-0.8111366629600525,0.0,1.137009620666504,0.9481095053507936,0.0004941942286354516,1748944171.9488513
2278,0.02521996572613716,-0.878628134727478,0.0,0.8596436977386475,0.9481095053507936,0.0004941916937569472,1748944172.0131247
2279,0.033707864582538605,-0.8512872457504272,0.0,1.147332787513733,0.9481095053507936,0.0004941891588914452,1748944172.0737228
2280,0.021503061056137085,-0.8226532340049744,0.0,0.5986181497573853,0.9481095053507936,0.0004941866240389452,1748944172.1351366
2281,0.03407438099384308,-0.8677032589912415,0.0,0.9004170894622803,0.9481095053507936,0.0004941840891994473,1748944172.1976624
2282,0.03333818167448044,-0.8583537936210632,0.0,0.8570256233215332,0.9481095053507936,0.0004941815543729514,1748944172.257973
2283,0.03155800700187683,-0.8255643844604492,0.0,0.8837786912918091,0.9481095053507936,0.0004941790195594573,1748944172.3200943
2284,0.03274650126695633,-1.0873621702194214,0.0,0.9908468127250671,0.9481095053507936,0.0004941764847589652,1748944172.3818874
2285,0.027675986289978027,-0.7396986484527588,0.0,0.747872531414032,0.9481095053507936,0.000494173949971475,1748944172.4422607
2286,0.0342988446354866,-0.9703616499900818,0.0,1.0013850927352905,0.9481095053507936,0.0004941714151969863,1748944172.5017226
2287,0.029200706630945206,-1.019463062286377,0.0,0.780771791934967,0.9481095053507936,0.0004941688804354994,1748944172.5646665
2288,0.03417424112558365,-1.0891985893249512,0.0,1.1827354431152344,0.9481095053507936,0.000494166345687014,1748944172.623912
2289,0.023159414529800415,-1.0500118732452393,0.0,0.6947454214096069,0.9481095053507936,0.0004941638109515303,1748944172.6824045
2290,0.026322826743125916,-0.8799012899398804,0.0,1.0202614068984985,0.9481095053507936,0.0004941612762290479,1748944172.746749
2291,0.02701617404818535,-0.7134418487548828,0.0,0.9049460291862488,0.9481095053507936,0.000494158741519567,1748944172.8071556
2292,0.030123278498649597,-0.8548651933670044,0.0,1.2879301309585571,0.9481095053507936,0.0004941562068230872,1748944172.8718867
2293,0.028038062155246735,-0.9760821461677551,0.0,1.1407028436660767,0.9481095053507936,0.0004941536721396088,1748944172.9318116
2294,0.029741721227765083,-0.8557018041610718,0.0,0.9299687147140503,0.9481095053507936,0.0004941511374691317,1748944172.9917023
2295,0.030798153951764107,-1.0083268880844116,0.0,0.8944145441055298,0.9481095053507936,0.0004941486028116557,1748944173.0569363
2296,0.01927437260746956,-0.6825511455535889,0.0,0.7288627624511719,0.9481095053507936,0.0004941460681671806,1748944173.1148982
2297,0.0258341021835804,-0.8342139720916748,0.0,1.0604946613311768,0.9481095053507936,0.0004941435335357067,1748944173.17445
2298,0.01739298552274704,-0.8069965839385986,0.0,0.7432301640510559,0.9481095053507936,0.0004941409989172336,1748944173.2353597
2299,0.02778032422065735,-1.0477784872055054,0.0,0.996082067489624,0.9481095053507936,0.0004941384643117613,1748944173.2987666
2300,0.02733856439590454,-0.9467612504959106,0.0,0.923329770565033,0.9481095053507936,0.0004941359297192899,1748944173.3574562
2301,0.024994412437081337,-0.735217809677124,0.0,0.8599299192428589,0.9481095053507936,0.0004941333951398192,1748944173.416642
2302,0.03290122374892235,-0.8082150220870972,0.0,1.3574289083480835,0.9481095053507936,0.0004941308605733491,1748944173.4778197
2303,0.026060914620757103,-0.7866889834403992,0.0,0.9547998309135437,0.9481095053507936,0.0004941283260198796,1748944173.5398002
2304,0.034639447927474976,-0.8257063627243042,0.0,0.9455335140228271,0.9481095053507936,0.0004941257914794108,1748944173.5986683
2305,0.03855712711811066,-1.185957908630371,0.0,1.7431813478469849,0.9481095053507936,0.0004941232569519423,1748944173.6588
2306,0.028439035639166832,-0.9333807229995728,0.0,0.9292225241661072,0.9481095053507936,0.0004941207224374742,1748944173.7229238
2307,0.03312637656927109,-0.954121470451355,0.0,1.006966233253479,0.9481095053507936,0.0004941181879360065,1748944173.7818105
2308,0.02601342834532261,-0.9763872027397156,0.0,1.5385806560516357,0.9481095053507936,0.000494115653447539,1748944173.84207
2309,0.038905128836631775,-0.8190141320228577,0.0,1.599199891090393,0.9481095053507936,0.0004941131189720717,1748944173.9069934
2310,0.02869391068816185,-0.9210671782493591,0.0,1.5065797567367554,0.9481095053507936,0.0004941105845096045,1748944173.965269
2311,0.026322059333324432,-0.9540193676948547,0.0,0.7462190985679626,0.9481095053507936,0.0004941080500601374,1748944174.0247862
2312,0.0302124060690403,-0.9384905695915222,0.0,0.8338003754615784,0.9481095053507936,0.0004941055156236703,1748944174.0854006
2313,0.03804659843444824,-0.8656183481216431,0.0,1.2636959552764893,0.9481095053507936,0.0004941029812002032,1748944174.148591
2314,0.028211362659931183,-1.0602470636367798,0.0,1.509033203125,0.9481095053507936,0.0004941004467897358,1748944174.207001
2315,0.026902562007308006,-0.9584454298019409,0.0,1.5674766302108765,0.9481095053507936,0.0004940979123922683,1748944174.2658274
2316,0.036401428282260895,-1.2364349365234375,0.0,1.2675610780715942,0.9481095053507936,0.0004940953780078005,1748944174.329028
2317,0.03291243687272072,-0.7674292325973511,0.0,1.2085213661193848,0.9481095053507936,0.0004940928436363322,1748944174.390027
2318,0.0431184321641922,-0.7920284867286682,0.0,2.1472666263580322,0.9481095053507936,0.0004940903092778637,1748944174.4473784
2319,0.03471226990222931,-0.7853564620018005,0.0,1.7814096212387085,0.9481095053507936,0.0004940877749323947,1748944174.5052702
2320,0.03467494621872902,-0.8566005229949951,0.0,0.9508634805679321,0.9481095053507936,0.0004940852405999252,1748944174.564583
2321,0.03325708210468292,-0.853042483329773,0.0,1.5915719270706177,0.9481095053507936,0.000494082706280455,1748944174.6228795
2322,0.03212430700659752,-1.0526525974273682,0.0,1.1348896026611328,0.9481095053507936,0.000494080171973984,1748944174.681796
2323,0.03850565850734711,-0.9294801950454712,0.0,1.5881829261779785,0.9481095053507936,0.0004940776376805126,1748944174.7409549
2324,0.042615972459316254,-1.0407341718673706,0.0,1.544689655303955,0.9481095053507936,0.0004940751034000401,1748944174.8066993
2325,0.03152000904083252,-0.8485561013221741,0.0,0.8015531301498413,0.9481095053507936,0.0004940725691325668,1748944174.865185
2326,0.023829128593206406,-0.8400639295578003,0.0,1.068274974822998,0.9481095053507936,0.0004940700348780926,1748944174.9233239
2327,0.03402378410100937,-0.8773809671401978,0.0,1.0857059955596924,0.9481095053507936,0.0004940675006366174,1748944174.9836915
2328,0.023980800062417984,-1.0654484033584595,0.0,1.130868673324585,0.9481095053507936,0.0004940649664081411,1748944175.0473454
2329,0.02833617478609085,-0.8811450004577637,0.0,0.997898519039154,0.9481095053507936,0.0004940624321926637,1748944175.1066816
2330,0.02283322997391224,-1.1733449697494507,0.0,0.7550064325332642,0.9481095053507936,0.0004940598979901851,1748944175.165866
2331,0.036032941192388535,-0.9283567667007446,0.0,1.5154396295547485,0.9481095053507936,0.0004940573638007051,1748944175.2315004
2332,0.03520863503217697,-0.9942765235900879,0.0,1.7102826833724976,0.9481095053507936,0.0004940548296242239,1748944175.2913563
2333,0.02629796974360943,-0.9055368900299072,0.0,0.8026900887489319,0.9481095053507936,0.0004940522954607412,1748944175.352301
2334,0.034456707537174225,-0.9608603715896606,0.0,1.1864266395568848,0.9481095053507936,0.000494049761310257,1748944175.414547
2335,0.030504602938890457,-0.857357382774353,0.0,1.1148090362548828,0.9481095053507936,0.0004940472271727714,1748944175.4728763
2336,0.02295001968741417,-0.8522716760635376,0.0,1.1803895235061646,0.9481095053507936,0.0004940446930482841,1748944175.5318253
2337,0.031441833823919296,-0.8259139060974121,0.0,1.1780201196670532,0.9481095053507936,0.0004940421589367951,1748944175.5916438
2338,0.023429030552506447,-0.7773041725158691,0.0,1.0776983499526978,0.9481095053507936,0.0004940396248383044,1748944175.654916
2339,0.028238752856850624,-1.0832240581512451,0.0,0.7260454297065735,0.9481095053507936,0.0004940370907528119,1748944175.716892
2340,0.020373011007905006,-0.9360289573669434,0.0,0.808901846408844,0.9481095053507936,0.0004940345566803176,1748944175.7796047
2341,0.045813530683517456,-1.124737024307251,0.0,1.3802754878997803,0.9481095053507936,0.0004940320226208212,1748944175.8409736
2342,0.028869125992059708,-0.972936749458313,0.0,0.7853736281394958,0.9481095053507936,0.0004940294885743229,1748944175.906603
2343,0.03063654899597168,-0.8256674408912659,0.0,1.1045829057693481,0.9481095053507936,0.0004940269545408224,1748944175.9653006
2344,0.045254383236169815,-0.9087443947792053,0.0,1.3459985256195068,0.9481095053507936,0.00049402442052032,1748944176.0237284
2345,0.04622696712613106,-0.7866315841674805,0.0,1.023869514465332,0.9481095053507936,0.0004940218865128152,1748944176.0836933
2346,0.028702236711978912,-0.8907299041748047,0.0,1.2215514183044434,0.9481095053507936,0.0004940193525183081,1748944176.1472132
2347,0.03925537317991257,-0.8625136613845825,0.0,1.1418063640594482,0.9481095053507936,0.0004940168185367988,1748944176.206659
2348,0.02347022108733654,-0.888428807258606,0.0,0.831742525100708,0.9481095053507936,0.000494014284568287,1748944176.2728612
2349,0.03408718854188919,-0.9558920860290527,0.0,0.9309394359588623,0.9481095053507936,0.0004940117506127727,1748944176.3318844
2350,0.03519585728645325,-0.8272572159767151,0.0,1.475147008895874,0.9481095053507936,0.000494009216670256,1748944176.3974228
2351,0.03224348649382591,-0.8712214231491089,0.0,1.0702450275421143,0.9481095053507936,0.0004940066827407365,1748944176.457964
2352,0.03128718584775925,-0.9281048774719238,0.0,1.1278845071792603,0.9481095053507936,0.0004940041488242145,1748944176.5177932
2353,0.04098773002624512,-1.1200072765350342,0.0,1.190895438194275,0.9481095053507936,0.0004940016149206897,1748944176.578876
2354,0.035125650465488434,-1.1541041135787964,0.0,1.7025563716888428,0.9447526748388764,0.000493999081030162,1748944176.6393123
2355,0.02979285456240177,-0.9685143232345581,0.0,0.9268759489059448,0.9447526748388764,0.0004939965471526315,1748944176.6993628
2356,0.026861481368541718,-0.8075782656669617,0.0,0.961004912853241,0.9447526748388764,0.0004939940132880981,1748944176.758784
2357,0.02707653120160103,-0.9606971740722656,0.0,0.9370627403259277,0.9447526748388764,0.0004939914794365617,1748944176.8208008
2358,0.023928791284561157,-0.9362790584564209,0.0,1.1077919006347656,0.9447526748388764,0.0004939889455980222,1748944176.8816159
2359,0.04663023352622986,-1.0831502676010132,0.0,2.3218116760253906,0.9447526748388764,0.0004939864117724795,1748944176.9400084
2360,0.022432520985603333,-1.0143885612487793,0.0,0.996902585029602,0.9447526748388764,0.0004939838779599336,1748944176.997698
2361,1.5460307598114014,-1.1465394496917725,0.0,1.1150476932525635,0.9447526748388764,0.0004939813441603844,1748944177.056928
2362,1.5322107076644897,-1.042725682258606,0.0,0.9474471807479858,0.9447526748388764,0.000493978810373832,1748944177.115203
2363,0.02976677194237709,-1.2074769735336304,0.0,0.940064549446106,0.9447526748388764,0.0004939762766002761,1748944177.1727872
2364,0.03677096217870712,-1.1138936281204224,0.0,1.2574745416641235,0.9447526748388764,0.0004939737428397168,1748944177.2316253
2365,0.02197345159947872,-0.9818421006202698,0.0,1.2164392471313477,0.9447526748388764,0.0004939712090921539,1748944177.2913487
2366,0.023456284776329994,-1.0830960273742676,0.0,1.189855933189392,0.9447526748388764,0.0004939686753575874,1748944177.3529313
2367,0.027367085218429565,-1.0515797138214111,0.0,0.776104211807251,0.9447526748388764,0.0004939661416360171,1748944177.4139066
2368,0.03163697570562363,-0.9166712164878845,0.0,0.8212323784828186,0.9447526748388764,0.0004939636079274432,1748944177.4731288
2369,0.04625215381383896,-0.951353907585144,0.0,1.8079767227172852,0.9447526748388764,0.0004939610742318656,1748944177.5318308
2370,0.030789677053689957,-0.8241289258003235,0.0,1.4369351863861084,0.9447526748388764,0.0004939585405492839,1748944177.5924313
2371,0.02334071695804596,-0.9093266725540161,0.0,0.9294002056121826,0.9447526748388764,0.0004939560068796983,1748944177.6551685
2372,0.041853904724121094,-0.9791763424873352,0.0,1.034574031829834,0.9447526748388764,0.0004939534732231088,1748944177.715089
2373,0.029409188777208328,-0.9925894141197205,0.0,0.8816553354263306,0.9447526748388764,0.0004939509395795152,1748944177.7737927
2374,0.026930522173643112,-0.8972939252853394,0.0,1.055768370628357,0.9447526748388764,0.0004939484059489174,1748944177.8334188
2375,0.03330712020397186,-1.217972755432129,0.0,2.0993971824645996,0.9447526748388764,0.0004939458723313154,1748944177.8970582
2376,0.03482148423790932,-0.8277802467346191,0.0,1.614292860031128,0.9447526748388764,0.0004939433387267092,1748944177.9568105
2377,0.024290459230542183,-1.1736440658569336,0.0,0.8809970617294312,0.9447526748388764,0.0004939408051350987,1748944178.0140696
2378,0.035491056740283966,-0.6896770596504211,0.0,1.5273102521896362,0.9447526748388764,0.0004939382715564837,1748944178.073367
2379,0.025007296353578568,-1.0919922590255737,0.0,1.2522053718566895,0.9447526748388764,0.0004939357379908642,1748944178.1322358
2380,1.5616261959075928,-0.9604666233062744,0.0,1.0616930723190308,0.9447526748388764,0.0004939332044382401,1748944178.1938303
2381,0.023548148572444916,-0.9477646946907043,0.0,1.100716233253479,0.9447526748388764,0.0004939306708986116,1748944178.256936
2382,0.020183585584163666,-0.9009767770767212,0.0,0.7151358723640442,0.9447526748388764,0.0004939281373719782,1748944178.3145967
2383,0.025309769436717033,-0.9756954908370972,0.0,0.7954280972480774,0.9447526748388764,0.0004939256038583402,1748944178.3735998
2384,1.5639512538909912,-1.0439211130142212,0.0,1.1714129447937012,0.9447526748388764,0.0004939230703576974,1748944178.4316337
2385,0.034820910543203354,-0.9654598832130432,0.0,1.2347012758255005,0.9447526748388764,0.0004939205368700496,1748944178.4898944
2386,0.025054151192307472,-0.8560259342193604,0.0,0.9594134092330933,0.9447526748388764,0.000493918003395397,1748944178.5487223
2387,0.0167289599776268,-1.06565523147583,0.0,0.9284607172012329,0.9447526748388764,0.0004939154699337393,1748944178.6088457
2388,0.022826407104730606,-0.9489027261734009,0.0,0.9850257635116577,0.9447526748388764,0.0004939129364850765,1748944178.670826
2389,0.03060290217399597,-0.8909569978713989,0.0,0.9079442024230957,0.9447526748388764,0.0004939104030494087,1748944178.7318046
2390,0.043360479176044464,-0.6939741969108582,0.0,1.394857406616211,0.9447526748388764,0.0004939078696267357,1748944178.7906501
2391,0.035562895238399506,-0.8904907703399658,0.0,1.2881461381912231,0.9447526748388764,0.0004939053362170573,1748944178.8491905
2392,0.053994014859199524,-1.0000503063201904,0.0,1.6679786443710327,0.9447526748388764,0.0004939028028203736,1748944178.9083316
2393,0.019473228603601456,-0.9332089424133301,0.0,1.0276256799697876,0.9447526748388764,0.0004939002694366845,1748944178.9716694
2394,0.023422561585903168,-0.9096179008483887,0.0,1.379155158996582,0.9447526748388764,0.0004938977360659899,1748944179.032057
2395,0.02981988526880741,-0.8982792496681213,0.0,2.0285725593566895,0.9447526748388764,0.0004938952027082898,1748944179.090049
2396,0.023425523191690445,-0.9829033613204956,0.0,1.2082276344299316,0.9447526748388764,0.0004938926693635841,1748944179.1485627
2397,0.03375701606273651,-0.9696011543273926,0.0,1.073943853378296,0.9447526748388764,0.0004938901360318727,1748944179.2088373
2398,0.032997533679008484,-0.9883086681365967,0.0,1.412373423576355,0.9447526748388764,0.0004938876027131556,1748944179.272205
2399,1.536765456199646,-0.9718641042709351,0.0,1.3207167387008667,0.9447526748388764,0.0004938850694074326,1748944179.3322473
2400,0.03383024409413338,-0.7724148035049438,0.0,1.1327784061431885,0.9447526748388764,0.0004938825361147037,1748944179.394202
2401,0.025576094165444374,-0.861941933631897,0.0,1.3352947235107422,0.9447526748388764,0.000493880002834969,1748944179.4554012
2402,0.025389041751623154,-0.8675742149353027,0.0,0.8522993922233582,0.9447526748388764,0.0004938774695682283,1748944179.5147426
2403,0.033697228878736496,-0.8802250027656555,0.0,1.3006458282470703,0.9447526748388764,0.0004938749363144814,1748944179.573322
2404,0.017784228548407555,-0.7452571988105774,0.0,0.714253306388855,0.9447526748388764,0.0004938724030737284,1748944179.6316185
2405,0.031119145452976227,-0.7757218480110168,0.0,0.7372047901153564,0.9447526748388764,0.0004938698698459692,1748944179.692406
2406,0.021864376962184906,-0.8644007444381714,0.0,1.1383596658706665,0.9447526748388764,0.0004938673366312038,1748944179.7526958
2407,0.033181168138980865,-0.921847939491272,0.0,1.27089524269104,0.9447526748388764,0.0004938648034294319,1748944179.814129
2408,0.026177233085036278,-1.1485412120819092,0.0,0.8068104982376099,0.9447526748388764,0.0004938622702406537,1748944179.8732507
2409,0.03407187759876251,-0.7036372423171997,0.0,1.0510532855987549,0.9447526748388764,0.000493859737064869,1748944179.9335089
2410,0.04469873756170273,-1.0262633562088013,0.0,1.5476202964782715,0.9447526748388764,0.0004938572039020778,1748944179.9959927
2411,0.021570047363638878,-0.7976789474487305,0.0,0.7487385869026184,0.9447526748388764,0.00049385467075228,1748944180.0557294
2412,0.024867301806807518,-0.9820955991744995,0.0,0.8882810473442078,0.9447526748388764,0.0004938521376154755,1748944180.1151905
2413,0.031033867970108986,-0.9314255714416504,0.0,1.4502348899841309,0.9447526748388764,0.0004938496044916642,1748944180.175143
2414,0.02495165914297104,-0.9873664379119873,0.0,0.9331086277961731,0.9447526748388764,0.0004938470713808462,1748944180.2365115
2415,0.026417605578899384,-1.0683939456939697,0.0,0.9286748170852661,0.9447526748388764,0.0004938445382830212,1748944180.2985575
2416,0.02960105985403061,-0.923521101474762,0.0,1.2370156049728394,0.9447526748388764,0.0004938420051981894,1748944180.3579037
2417,0.03040488436818123,-0.9732854962348938,0.0,1.0744333267211914,0.9447526748388764,0.0004938394721263505,1748944180.419271
2418,0.021421819925308228,-0.8745427131652832,0.0,0.9563699960708618,0.9447526748388764,0.0004938369390675046,1748944180.4809883
2419,0.03272136673331261,-0.8534725308418274,0.0,1.026409387588501,0.9447526748388764,0.0004938344060216515,1748944180.5402617
2420,0.03135471045970917,-0.8481656312942505,0.0,0.9880616068840027,0.9447526748388764,0.0004938318729887912,1748944180.598896
2421,0.027608731761574745,-1.015763282775879,0.0,0.9600633978843689,0.9447526748388764,0.0004938293399689237,1748944180.6590295
2422,0.0329008623957634,-0.8742995858192444,0.0,1.4656609296798706,0.9447526748388764,0.0004938268069620488,1748944180.7196224
2423,0.023075345903635025,-0.9610097408294678,0.0,0.7197136282920837,0.9447526748388764,0.0004938242739681664,1748944180.781645
2424,0.03277688845992088,-1.0537052154541016,0.0,1.212392807006836,0.9447526748388764,0.0004938217409872766,1748944180.8408985
2425,0.03579903393983841,-1.1655882596969604,0.0,1.589532732963562,0.9447526748388764,0.0004938192080193793,1748944180.905534
2426,0.032036274671554565,-0.8391441106796265,0.0,0.8810786604881287,0.9447526748388764,0.0004938166750644744,1748944180.9656503
2427,0.035714294761419296,-1.1353695392608643,0.0,1.1476449966430664,0.9447526748388764,0.0004938141421225617,1748944181.0302806
2428,0.025511525571346283,-0.9494909048080444,0.0,0.9956795573234558,0.9447526748388764,0.0004938116091936414,1748944181.090004
2429,1.536330223083496,-1.076954960823059,0.0,0.9087056517601013,0.9447526748388764,0.0004938090762777133,1748944181.1487286
2430,0.03345036506652832,-0.974045991897583,0.0,1.790451169013977,0.9447526748388764,0.0004938065433747773,1748944181.208976
2431,0.025647364556789398,-0.9216241836547852,0.0,1.2721009254455566,0.9447526748388764,0.0004938040104848333,1748944181.2698894
2432,0.020825132727622986,-0.9890648126602173,0.0,1.097432017326355,0.9447526748388764,0.0004938014776078813,1748944181.3322048
2433,0.035485535860061646,-1.0290453433990479,0.0,1.6070709228515625,0.9447526748388764,0.0004937989447439213,1748944181.3922596
2434,0.042368095368146896,-0.9354277849197388,0.0,1.7952760457992554,0.9447526748388764,0.0004937964118929531,1748944181.4557142
2435,0.030103735625743866,-0.927410364151001,0.0,1.3900395631790161,0.9447526748388764,0.0004937938790549767,1748944181.515755
2436,0.037589289247989655,-1.1085419654846191,0.0,2.565143346786499,0.9447526748388764,0.0004937913462299921,1748944181.5771878
2437,0.020997244864702225,-1.1213994026184082,0.0,1.5021998882293701,0.9447526748388764,0.0004937888134179991,1748944181.640678
2438,1.5463502407073975,-0.9448554515838623,0.0,1.105111002922058,0.9447526748388764,0.0004937862806189976,1748944181.7055266
2439,0.03398266062140465,-0.9591338634490967,0.0,1.4103665351867676,0.9447526748388764,0.0004937837478329877,1748944181.765147
2440,0.04030486196279526,-0.8857475519180298,0.0,1.4758434295654297,0.9447526748388764,0.0004937812150599694,1748944181.8241968
2441,0.022244781255722046,-0.893456220626831,0.0,1.0231292247772217,0.9447526748388764,0.0004937786822999423,1748944181.8852649
2442,0.028530791401863098,-0.8334249258041382,0.0,1.073548674583435,0.9447526748388764,0.0004937761495529066,1748944181.94794
2443,0.03586956858634949,-0.8796552419662476,0.0,1.3967136144638062,0.9447526748388764,0.0004937736168188621,1748944182.0088031
2444,0.030240068212151527,-0.8482601642608643,0.0,1.6652755737304688,0.9447526748388764,0.000493771084097809,1748944182.0674067
2445,0.02096855267882347,-0.8808833956718445,0.0,0.9254493713378906,0.9447526748388764,0.0004937685513897468,1748944182.1306143
2446,0.033471133559942245,-1.0980396270751953,0.0,1.7151294946670532,0.9447526748388764,0.0004937660186946758,1748944182.190921
2447,0.028670988976955414,-0.9083690643310547,0.0,1.3247982263565063,0.9447526748388764,0.0004937634860125957,1748944182.250704
2448,0.04056677967309952,-0.934808611869812,0.0,2.1569907665252686,0.9447526748388764,0.0004937609533435066,1748944182.3112564
2449,0.022568147629499435,-1.0619654655456543,0.0,0.9102297425270081,0.9447526748388764,0.0004937584206874083,1748944182.3736057
2450,0.02815733663737774,-0.9537287950515747,0.0,0.8951858282089233,0.9447526748388764,0.0004937558880443009,1748944182.4321482
2451,0.033182304352521896,-0.8392246961593628,0.0,1.2983731031417847,0.9447526748388764,0.0004937533554141841,1748944182.494141
2452,1.53941810131073,-0.6825827360153198,0.0,1.7577883005142212,0.9447526748388764,0.000493750822797058,1748944182.5565841
2453,0.0320461243391037,-0.9846876263618469,0.0,1.3770664930343628,0.9447526748388764,0.0004937482901929226,1748944182.6155026
2454,0.029018457978963852,-1.0159707069396973,0.0,1.262992024421692,0.9447526748388764,0.0004937457576017775,1748944182.673093
2455,0.03118339367210865,-0.9455882906913757,0.0,1.4999803304672241,0.9447526748388764,0.000493743225023623,1748944182.7323534
2456,0.04889325797557831,-0.9136009812355042,0.0,1.4682087898254395,0.9447526748388764,0.0004937406924584588,1748944182.7942333
2457,0.026680249720811844,-0.9964749217033386,0.0,0.8320426940917969,0.9447526748388764,0.0004937381599062851,1748944182.853743
2458,0.03255190700292587,-0.9620771408081055,0.0,2.0506246089935303,0.9447526748388764,0.0004937356273671015,1748944182.914854
2459,0.0300663560628891,-0.9836210012435913,0.0,1.3181143999099731,0.9447526748388764,0.0004937330948409082,1748944182.9722466
2460,0.029252586886286736,-0.914159893989563,0.0,1.081844449043274,0.9447526748388764,0.0004937305623277051,1748944183.032235
2461,0.027023520320653915,-0.7852420806884766,0.0,0.8800607323646545,0.9447526748388764,0.000493728029827492,1748944183.0946584
2462,0.029831847175955772,-0.8392490148544312,0.0,1.28592848777771,0.9447526748388764,0.0004937254973402688,1748944183.1568804
2463,0.027971718460321426,-0.8838955163955688,0.0,1.2197691202163696,0.9447526748388764,0.0004937229648660355,1748944183.2144275
2464,0.027792025357484818,-0.8596605062484741,0.0,1.1903663873672485,0.9447526748388764,0.0004937204324047922,1748944183.2732956
2465,0.02935246378183365,-0.9069137573242188,0.0,1.1821476221084595,0.9447526748388764,0.0004937178999565386,1748944183.3319414
2466,0.030119845643639565,-0.9511578679084778,0.0,1.3194572925567627,0.9447526748388764,0.0004937153675212747,1748944183.3940754
2467,0.024575188755989075,-0.9733403921127319,0.0,1.738019347190857,0.9447526748388764,0.0004937128350990006,1748944183.4566884
2468,0.029503991827368736,-0.9646041393280029,0.0,1.1545207500457764,0.9447526748388764,0.000493710302689716,1748944183.5148559
2469,0.029782159253954887,-0.9543425440788269,0.0,1.4687436819076538,0.9447526748388764,0.000493707770293421,1748944183.5734515
2470,0.02880590595304966,-1.1217083930969238,0.0,1.1138564348220825,0.9447526748388764,0.0004937052379101154,1748944183.632819
2471,0.025452446192502975,-0.8053197860717773,0.0,1.0224692821502686,0.9447526748388764,0.0004937027055397992,1748944183.6935098
2472,0.029849160462617874,-0.9114229083061218,0.0,0.9769718050956726,0.9447526748388764,0.0004937001731824724,1748944183.756633
2473,0.02705826237797737,-0.9418345093727112,0.0,1.1779931783676147,0.9447526748388764,0.0004936976408381347,1748944183.814529
2474,0.029045721516013145,-0.9345954656600952,0.0,1.208228588104248,0.9447526748388764,0.0004936951085067863,1748944183.8731925
2475,0.02068641409277916,-0.8454821109771729,0.0,0.9705356359481812,0.9447526748388764,0.000493692576188427,1748944183.9319267
2476,0.024609874933958054,-0.9888790845870972,0.0,0.9642068147659302,0.9447526748388764,0.0004936900438830569,1748944183.993106
2477,0.03570350259542465,-1.0703423023223877,0.0,0.977868378162384,0.9447526748388764,0.0004936875115906756,1748944184.054889
2478,0.03361200541257858,-0.8032482266426086,0.0,0.8217381834983826,0.9447526748388764,0.0004936849793112833,1748944184.114735
2479,0.019840657711029053,-0.9949827790260315,0.0,0.884888768196106,0.9447526748388764,0.0004936824470448799,1748944184.17766
2480,0.023896651342511177,-0.8910226821899414,0.0,0.9268578290939331,0.9447526748388764,0.0004936799147914652,1748944184.2398372
2481,0.030207078903913498,-0.8047383427619934,0.0,1.034489393234253,0.9447526748388764,0.0004936773825510393,1748944184.29848
2482,0.021058589220046997,-0.8339430689811707,0.0,0.6440209150314331,0.9447526748388764,0.000493674850323602,1748944184.3567803
2483,0.022549577057361603,-0.8995179533958435,0.0,0.7773289680480957,0.9447526748388764,0.0004936723181091534,1748944184.417667
2484,0.026037268340587616,-0.8732863664627075,0.0,0.9085787534713745,0.9447526748388764,0.0004936697859076933,1748944184.4788027
2485,0.025920182466506958,-0.9579629898071289,0.0,1.0478873252868652,0.9447526748388764,0.0004936672537192217,1748944184.5398343
2486,0.022763779386878014,-0.8400372862815857,0.0,0.7455844283103943,0.9447526748388764,0.0004936647215437384,1748944184.5988336
2487,0.027101151645183563,-0.8655451536178589,0.0,1.2005641460418701,0.9447526748388764,0.0004936621893812435,1748944184.6579468
2488,0.022428657859563828,-0.9792395830154419,0.0,0.8229782581329346,0.9447526748388764,0.0004936596572317368,1748944184.7185757
2489,0.025592226535081863,-0.9746228456497192,0.0,1.063039779663086,0.9447526748388764,0.0004936571250952184,1748944184.7808647
2490,0.025111742317676544,-0.8912015557289124,0.0,0.9481397867202759,0.9447526748388764,0.000493654592971688,1748944184.8406975
2491,0.029636837542057037,-1.102786898612976,0.0,1.027474045753479,0.9447526748388764,0.0004936520608611457,1748944184.9015546
2492,0.02518802136182785,-0.8855968713760376,0.0,0.8993610739707947,0.9447526748388764,0.0004936495287635914,1748944184.9640262
2493,0.01773614063858986,-0.7375995516777039,0.0,0.8594112396240234,0.9447526748388764,0.000493646996679025,1748944185.0233874
2494,0.029485125094652176,-0.8171210885047913,0.0,0.8171135187149048,0.9447526748388764,0.0004936444646074465,1748944185.0843885
2495,0.020698431879281998,-0.8950327634811401,0.0,0.6269281506538391,0.9447526748388764,0.0004936419325488558,1748944185.146731
2496,0.026867683976888657,-0.9828482270240784,0.0,1.0217723846435547,0.9447526748388764,0.0004936394005032529,1748944185.207669
2497,0.01974661834537983,-0.9893004894256592,0.0,0.6794479489326477,0.9447526748388764,0.0004936368684706375,1748944185.268791
2498,0.027677610516548157,-1.0498954057693481,0.0,1.2580089569091797,0.9447526748388764,0.0004936343364510098,1748944185.3319635
2499,0.025841662660241127,-1.021241545677185,0.0,0.7823229432106018,0.9447526748388764,0.0004936318044443696,1748944185.3897142
2500,0.029468165710568428,-0.8292574882507324,0.0,1.3261655569076538,0.9447526748388764,0.0004936292724507169,1748944185.4487152
2501,0.04656440392136574,-0.9884364008903503,0.0,1.4369899034500122,0.9447526748388764,0.0004936267404700515,1748944185.5077717
2502,0.06347048282623291,-0.8259977102279663,0.0,1.8941985368728638,0.9447526748388764,0.0004936242085023736,1748944185.5688498
2503,0.051263317465782166,-1.0230342149734497,0.0,1.1747740507125854,0.9447526748388764,0.0004936216765476829,1748944185.6287606
2504,0.042688339948654175,-0.950130045413971,0.0,1.032149314880371,0.9447526748388764,0.0004936191446059794,1748944185.6897764
2505,0.039577923715114594,-1.052002191543579,0.0,1.215926170349121,0.9447526748388764,0.000493616612677263,1748944185.7488847
2506,0.046532779932022095,-1.1962519884109497,0.0,1.4735995531082153,0.9447526748388764,0.0004936140807615336,1748944185.8088472
2507,0.04103996604681015,-0.8902222514152527,0.0,1.107377052307129,0.9447526748388764,0.0004936115488587912,1748944185.8696728
2508,0.0280167069286108,-1.1215863227844238,0.0,0.9262291789054871,0.9447526748388764,0.0004936090169690358,1748944185.9307964
2509,0.039117395877838135,-1.2264342308044434,0.0,1.4574661254882812,0.9447526748388764,0.0004936064850922672,1748944185.9892554
2510,0.034510113298892975,-1.101922869682312,0.0,0.9285377264022827,0.9447526748388764,0.0004936039532284855,1748944186.0486717
2511,0.03478643670678139,-0.966305136680603,0.0,1.8393008708953857,0.9447526748388764,0.0004936014213776905,1748944186.108902
2512,0.0530087910592556,-1.1986174583435059,0.0,1.427091121673584,0.9447526748388764,0.0004935988895398821,1748944186.173103
2513,0.04390443116426468,-1.0414760112762451,0.0,1.2034575939178467,0.9447526748388764,0.0004935963577150604,1748944186.2328856
2514,0.04012897238135338,-1.0768914222717285,0.0,1.3232969045639038,0.9447526748388764,0.0004935938259032251,1748944186.2943742
2515,0.044425904750823975,-1.1311733722686768,0.0,1.4915679693222046,0.9447526748388764,0.0004935912941043763,1748944186.3567822
2516,0.050418753176927567,-1.1757664680480957,0.0,1.6995575428009033,0.9447526748388764,0.000493588762318514,1748944186.4159777
2517,0.04176095873117447,-1.0079009532928467,0.0,1.0814791917800903,0.9447526748388764,0.0004935862305456379,1748944186.4755135
2518,1.5605412721633911,-1.3428421020507812,0.0,1.0515481233596802,0.9447526748388764,0.0004935836987857481,1748944186.5399563
2519,0.042072854936122894,-1.0794930458068848,0.0,1.7947168350219727,0.9447526748388764,0.0004935811670388446,1748944186.599829
2520,0.04040972888469696,-0.8638562560081482,0.0,1.3346315622329712,0.9447526748388764,0.0004935786353049271,1748944186.6585515
2521,0.04592888057231903,-1.0938117504119873,0.0,1.5408663749694824,0.9447526748388764,0.0004935761035839957,1748944186.722989
2522,0.038644760847091675,-1.1038868427276611,0.0,1.4307500123977661,0.9447526748388764,0.0004935735718760503,1748944186.7821002
2523,0.039494991302490234,-1.0642907619476318,0.0,1.9147891998291016,0.9447526748388764,0.0004935710401810908,1748944186.8406627
2524,0.048032719641923904,-1.0784153938293457,0.0,2.7999579906463623,0.9447526748388764,0.0004935685084991173,1748944186.9008439
2525,0.038924798369407654,-1.0801594257354736,0.0,1.274998426437378,0.9447526748388764,0.0004935659768301294,1748944186.9642255
2526,0.03184087947010994,-1.1433665752410889,0.0,1.474609613418579,0.9447526748388764,0.0004935634451741274,1748944187.0241258
2527,0.033276818692684174,-1.1731033325195312,0.0,1.831499457359314,0.9447526748388764,0.000493560913531111,1748944187.083314
2528,0.03431898355484009,-1.2076143026351929,0.0,1.1527948379516602,0.9447526748388764,0.0004935583819010802,1748944187.1457262
2529,0.03412977606058121,-1.255713701248169,0.0,1.224377155303955,0.9447526748388764,0.0004935558502840349,1748944187.2066596
2530,0.04829400032758713,-0.9843186736106873,0.0,1.9029415845870972,0.9447526748388764,0.0004935533186799751,1748944187.265656
2531,0.04909641295671463,-1.1818220615386963,0.0,1.640275478363037,0.9447526748388764,0.0004935507870889007,1748944187.3277001
2532,0.04768172279000282,-1.2033038139343262,0.0,1.6297285556793213,0.9447526748388764,0.0004935482555108116,1748944187.3900888
2533,0.04858396202325821,-1.0846168994903564,0.0,2.1518192291259766,0.9447526748388764,0.0004935457239457078,1748944187.4486587
2534,0.027745554223656654,-0.7581213712692261,0.0,1.0716971158981323,0.9447526748388764,0.0004935431923935892,1748944187.508605
2535,0.037429578602313995,-0.9607213139533997,0.0,1.149082064628601,0.9447526748388764,0.0004935406608544557,1748944187.569925
2536,0.04291493445634842,-1.0688470602035522,0.0,1.1136479377746582,0.9447526748388764,0.0004935381293283072,1748944187.6312606
2537,0.05107133835554123,-1.2835841178894043,0.0,2.012427806854248,0.9447526748388764,0.0004935355978151439,1748944187.6906116
2538,1.5694247484207153,-1.2218077182769775,0.0,1.5882728099822998,0.9447526748388764,0.0004935330663149653,1748944187.750839
2539,0.05367434024810791,-1.18533194065094,0.0,2.7679874897003174,0.9447526748388764,0.0004935305348277718,1748944187.8149984
2540,0.04541198909282684,-1.1096479892730713,0.0,1.6781777143478394,0.9447526748388764,0.0004935280033535629,1748944187.873611
2541,0.05103789269924164,-0.8994839191436768,0.0,1.37740159034729,0.9447526748388764,0.0004935254718923388,1748944187.9322274
2542,0.03342965990304947,-1.124472975730896,0.0,1.4427473545074463,0.9447526748388764,0.0004935229404440994,1748944187.9941125
2543,0.051687441766262054,-1.0837454795837402,0.0,2.0966079235076904,0.9447526748388764,0.0004935204090088446,1748944188.0568776
2544,0.040646620094776154,-0.9670864939689636,0.0,2.1301779747009277,0.9447526748388764,0.0004935178775865742,1748944188.1151452
2545,0.030840549618005753,-1.025016188621521,0.0,1.1951173543930054,0.9447526748388764,0.0004935153461772884,1748944188.1733365
2546,0.02788361720740795,-0.9166851043701172,0.0,1.1685090065002441,0.9447526748388764,0.0004935128147809869,1748944188.2327027
2547,0.0368272066116333,-0.8263314962387085,0.0,1.3589437007904053,0.9447526748388764,0.0004935102833976699,1748944188.2945118
2548,0.053328320384025574,-1.162200927734375,0.0,1.778481125831604,0.9447526748388764,0.000493507752027337,1748944188.3569667
2549,0.03950634226202965,-0.9294382333755493,0.0,1.4881346225738525,0.9447526748388764,0.0004935052206699883,1748944188.4144986
2550,0.026222290471196175,-1.0124772787094116,0.0,0.8999855518341064,0.9447526748388764,0.0004935026893256239,1748944188.4732964
2551,0.03239280357956886,-0.9214949607849121,0.0,1.4992637634277344,0.9447526748388764,0.0004935001579942435,1748944188.5312421
2552,0.044921521097421646,-0.8368140459060669,0.0,1.9430689811706543,0.9447526748388764,0.0004934976266758469,1748944188.5910053
2553,0.031865015625953674,-1.2609480619430542,0.0,1.213987112045288,0.9447526748388764,0.0004934950953704345,1748944188.6532083
2554,0.0338202565908432,-0.8598828911781311,0.0,1.3818531036376953,0.941408391027577,0.0004934925640780058,1748944188.714019
2555,0.031539276242256165,-1.2190150022506714,0.0,1.4245400428771973,0.941408391027577,0.0004934900327985609,1748944188.7731266
2556,0.054142337292432785,-0.9028699994087219,0.0,1.9021122455596924,0.941408391027577,0.0004934875015320998,1748944188.8320622
2557,0.034290414303541183,-1.101658821105957,0.0,1.82747483253479,0.941408391027577,0.0004934849702786224,1748944188.8915753
2558,0.0513780303299427,-1.1204878091812134,0.0,1.2683948278427124,0.941408391027577,0.0004934824390381286,1748944188.9515631
2559,0.032561831176280975,-0.8234909772872925,0.0,1.5672043561935425,0.941408391027577,0.0004934799078106182,1748944189.011237
2560,0.03584686294198036,-0.8653756380081177,0.0,1.4962762594223022,0.941408391027577,0.0004934773765960914,1748944189.0736914
2561,0.042987652122974396,-0.7706411480903625,0.0,2.0752296447753906,0.941408391027577,0.0004934748453945479,1748944189.135375
2562,0.03552176430821419,-1.0256892442703247,0.0,1.5791302919387817,0.941408391027577,0.0004934723142059878,1748944189.1968782
2563,0.03518292307853699,-1.1326816082000732,0.0,1.4598888158798218,0.941408391027577,0.000493469783030411,1748944189.2579212
2564,0.03676314651966095,-1.1844253540039062,0.0,1.159848690032959,0.941408391027577,0.0004934672518678173,1748944189.3220057
2565,0.05154437571763992,-1.1896376609802246,0.0,2.124112129211426,0.941408391027577,0.0004934647207182069,1748944189.3827932
2566,0.036764223128557205,-1.2194609642028809,0.0,1.9294301271438599,0.941408391027577,0.0004934621895815795,1748944189.4442637
2567,0.03805718943476677,-1.1480015516281128,0.0,1.622865080833435,0.941408391027577,0.000493459658457935,1748944189.5067985
2568,0.03877292573451996,-1.0815316438674927,0.0,1.255632996559143,0.941408391027577,0.0004934571273472734,1748944189.5643125
2569,0.03485763818025589,-1.030303716659546,0.0,1.4972392320632935,0.941408391027577,0.0004934545962495948,1748944189.622155
2570,0.04688902571797371,-1.162150263786316,0.0,1.8047971725463867,0.941408391027577,0.000493452065164899,1748944189.6813326
2571,0.03266264125704765,-1.0032323598861694,0.0,1.6736607551574707,0.941408391027577,0.0004934495340931859,1748944189.7403953
2572,0.05201718211174011,-0.8134655952453613,0.0,1.6616184711456299,0.941408391027577,0.0004934470030344554,1748944189.7985215
2573,0.03144469112157822,-1.0934267044067383,0.0,1.1444109678268433,0.941408391027577,0.0004934444719887076,1748944189.8558643
2574,0.035857491195201874,-1.2652002573013306,0.0,1.3740108013153076,0.941408391027577,0.0004934419409559423,1748944189.914802
2575,0.03821507841348648,-1.4905692338943481,0.0,1.7384068965911865,0.941408391027577,0.0004934394099361595,1748944189.9725904
2576,0.03932509571313858,-1.0362584590911865,0.0,1.5216172933578491,0.941408391027577,0.000493436878929359,1748944190.0320404
2577,1.547515869140625,-1.0890498161315918,0.0,1.442671775817871,0.941408391027577,0.0004934343479355409,1748944190.0925848
2578,0.04489732161164284,-0.9894943237304688,0.0,1.8234944343566895,0.941408391027577,0.0004934318169547051,1748944190.1550887
2579,1.5414196252822876,-1.147932767868042,0.0,1.6481260061264038,0.941408391027577,0.0004934292859868515,1748944190.215219
2580,0.03691670298576355,-1.0187528133392334,0.0,1.4104585647583008,0.941408391027577,0.0004934267550319799,1748944190.2754908
2581,0.0267595574259758,-1.0395681858062744,0.0,0.9987621903419495,0.941408391027577,0.0004934242240900906,1748944190.334749
2582,0.03680380433797836,-1.1145484447479248,0.0,1.0781028270721436,0.941408391027577,0.000493421693161183,1748944190.3980787
2583,0.05424203723669052,-1.0191473960876465,0.0,2.5608346462249756,0.941408391027577,0.0004934191622452575,1748944190.4555335
2584,0.05148141086101532,-1.3365989923477173,0.0,1.5284829139709473,0.941408391027577,0.0004934166313423139,1748944190.514478
2585,0.040089111775159836,-1.0797319412231445,0.0,1.366824984550476,0.941408391027577,0.0004934141004523521,1748944190.5733578
2586,0.04999985173344612,-0.9461421966552734,0.0,1.7398091554641724,0.941408391027577,0.000493411569575372,1748944190.632259
2587,0.03805899620056152,-0.9546912312507629,0.0,2.2386741638183594,0.941408391027577,0.0004934090387113736,1748944190.6945984
2588,0.026227980852127075,-1.090477466583252,0.0,1.1044750213623047,0.941408391027577,0.0004934065078603568,1748944190.7567222
2589,0.03223063051700592,-1.1930599212646484,0.0,1.0432660579681396,0.941408391027577,0.0004934039770223215,1748944190.8152544
2590,0.03584617003798485,-1.0752488374710083,0.0,1.2605139017105103,0.941408391027577,0.0004934014461972677,1748944190.8777175
2591,0.02375686913728714,-0.9284000992774963,0.0,0.8369285464286804,0.941408391027577,0.0004933989153851953,1748944190.939295
2592,0.043576113879680634,-1.1272246837615967,0.0,2.426457643508911,0.941408391027577,0.0004933963845861042,1748944190.998812
2593,0.03351379930973053,-1.0594091415405273,0.0,1.2732034921646118,0.941408391027577,0.0004933938537999944,1748944191.056754
2594,0.03595832362771034,-1.0419464111328125,0.0,1.342656135559082,0.941408391027577,0.0004933913230268658,1748944191.115517
2595,0.023910485208034515,-0.9982268810272217,0.0,0.6091962456703186,0.941408391027577,0.0004933887922667183,1748944191.174064
2596,0.042362865060567856,-1.3285596370697021,0.0,1.4055248498916626,0.941408391027577,0.000493386261519552,1748944191.2324867
2597,0.03601985052227974,-1.028847098350525,0.0,1.3774969577789307,0.941408391027577,0.0004933837307853665,1748944191.2923872
2598,0.028463158756494522,-1.1727865934371948,0.0,1.172688603401184,0.941408391027577,0.000493381200064162,1748944191.353095
2599,0.03818712383508682,-1.308699607849121,0.0,0.9328753352165222,0.941408391027577,0.0004933786693559385,1748944191.414749
2600,0.03212440013885498,-1.2587782144546509,0.0,1.334882140159607,0.941408391027577,0.0004933761386606957,1748944191.473534
2601,0.04003440961241722,-1.0631418228149414,0.0,1.5047523975372314,0.941408391027577,0.0004933736079784336,1748944191.53187
2602,0.041636109352111816,-0.8735811114311218,0.0,1.3910019397735596,0.941408391027577,0.0004933710773091522,1748944191.590185
2603,0.031245611608028412,-1.070298194885254,0.0,1.0803136825561523,0.941408391027577,0.0004933685466528515,1748944191.6509206
2604,0.04935235530138016,-0.9216311573982239,0.0,1.3939980268478394,0.941408391027577,0.0004933660160095312,1748944191.7108335
2605,0.033233486115932465,-0.9605016112327576,0.0,1.0047941207885742,0.941408391027577,0.0004933634853791914,1748944191.7728913
2606,0.03890367969870567,-1.1556371450424194,0.0,1.1635212898254395,0.941408391027577,0.000493360954761832,1748944191.8331535
2607,0.03255106508731842,-1.144353985786438,0.0,1.1999170780181885,0.941408391027577,0.000493358424157453,1748944191.8942614
2608,0.055908750742673874,-1.056114912033081,0.0,2.878031015396118,0.941408391027577,0.0004933558935660543,1748944191.9569862
2609,0.03733387216925621,-1.053344488143921,0.0,1.2331292629241943,0.941408391027577,0.0004933533629876357,1748944192.016784
2610,0.0389486625790596,-1.039297342300415,0.0,1.358330249786377,0.941408391027577,0.0004933508324221973,1748944192.0817697
2611,0.031166452914476395,-1.0957257747650146,0.0,1.6983166933059692,0.941408391027577,0.0004933483018697388,1748944192.1387782
2612,0.04404301196336746,-1.162283182144165,0.0,1.926720142364502,0.941408391027577,0.0004933457713302606,1748944192.198765
2613,0.051060810685157776,-1.0324817895889282,0.0,1.4625242948532104,0.941408391027577,0.0004933432408037622,1748944192.256712
2614,0.03556450828909874,-0.8840830326080322,0.0,0.9897627234458923,0.941408391027577,0.0004933407102902436,1748944192.315406
2615,0.03424893319606781,-1.0667253732681274,0.0,0.9418001174926758,0.941408391027577,0.0004933381797897049,1748944192.3735964
2616,0.05145720764994621,-1.0030200481414795,0.0,1.7974178791046143,0.941408391027577,0.0004933356493021458,1748944192.4334486
2617,0.05603373423218727,-0.9489910006523132,0.0,2.5969314575195312,0.941408391027577,0.0004933331188275666,1748944192.495618
2618,0.04190778732299805,-0.9999771118164062,0.0,1.8911460638046265,0.941408391027577,0.0004933305883659669,1748944192.5558603
2619,0.03751017898321152,-1.1063774824142456,0.0,1.3565503358840942,0.941408391027577,0.0004933280579173466,1748944192.6144993
2620,0.03285719454288483,-1.240775465965271,0.0,1.5009528398513794,0.941408391027577,0.0004933255274817059,1748944192.6736562
2621,0.05167049914598465,-1.3441908359527588,0.0,3.1349472999572754,0.941408391027577,0.0004933229970590446,1748944192.7347248
2622,0.044214002788066864,-1.2034375667572021,0.0,1.795195460319519,0.941408391027577,0.0004933204666493626,1748944192.7944689
2623,0.025362486019730568,-0.909301221370697,0.0,1.019418716430664,0.941408391027577,0.0004933179362526599,1748944192.8553069
2624,0.02638646960258484,-1.1310739517211914,0.0,0.8662561178207397,0.941408391027577,0.0004933154058689365,1748944192.9157164
2625,1.5661338567733765,-0.8984977006912231,0.0,2.2477777004241943,0.941408391027577,0.000493312875498192,1748944192.9753428
2626,0.044098399579524994,-0.904886782169342,0.0,1.8529396057128906,0.941408391027577,0.0004933103451404268,1748944193.0392385
2627,0.05558059737086296,-1.0113149881362915,0.0,2.955322742462158,0.941408391027577,0.0004933078147956405,1748944193.0987358
2628,0.03386833146214485,-1.0185819864273071,0.0,1.2784502506256104,0.941408391027577,0.0004933052844638331,1748944193.1569471
2629,0.05320186913013458,-1.1483123302459717,0.0,1.754442572593689,0.941408391027577,0.0004933027541450047,1748944193.2217782
2630,0.04122430086135864,-1.1502118110656738,0.0,1.7895699739456177,0.941408391027577,0.000493300223839155,1748944193.2821667
2631,0.042412735521793365,-0.9849423170089722,0.0,2.2569172382354736,0.941408391027577,0.0004932976935462842,1748944193.3418515
2632,0.032044701278209686,-1.0748597383499146,0.0,1.1759110689163208,0.941408391027577,0.0004932951632663919,1748944193.4052527
2633,0.04046418517827988,-0.8437448143959045,0.0,1.2713285684585571,0.941408391027577,0.0004932926329994782,1748944193.4639654
2634,0.04110020399093628,-0.9666572213172913,0.0,1.288910150527954,0.941408391027577,0.000493290102745543,1748944193.522423
2635,0.045862115919589996,-1.1317479610443115,0.0,2.6632468700408936,0.941408391027577,0.0004932875725045865,1748944193.5827527
2636,0.03664971888065338,-0.8973172307014465,0.0,2.1108617782592773,0.941408391027577,0.0004932850422766082,1748944193.6424406
2637,0.04590611904859543,-1.1542539596557617,0.0,1.6405309438705444,0.941408391027577,0.0004932825120616083,1748944193.7068405
2638,0.03180178254842758,-0.9301483631134033,0.0,1.5391117334365845,0.941408391027577,0.0004932799818595867,1748944193.7657301
2639,0.02958768419921398,-1.1365503072738647,0.0,1.044739007949829,0.941408391027577,0.0004932774516705433,1748944193.825541
2640,1.5732569694519043,-1.0349483489990234,0.0,2.322821617126465,0.941408391027577,0.0004932749214944781,1748944193.8859031
2641,0.03216942399740219,-1.091835379600525,0.0,1.2425601482391357,0.941408391027577,0.0004932723913313908,1748944193.9480274
2642,0.04436736926436424,-0.9495355486869812,0.0,2.1949355602264404,0.941408391027577,0.0004932698611812817,1748944194.0067341
2643,0.03923357278108597,-0.9274303317070007,0.0,0.9807043075561523,0.941408391027577,0.0004932673310441505,1748944194.06485
2644,0.05310753360390663,-1.02431321144104,0.0,2.452198028564453,0.941408391027577,0.0004932648009199971,1748944194.1240776
2645,0.038160908967256546,-1.0434499979019165,0.0,1.9808000326156616,0.941408391027577,0.0004932622708088215,1748944194.1823096
2646,0.03879030793905258,-1.1755679845809937,0.0,2.0016467571258545,0.941408391027577,0.0004932597407106237,1748944194.2409573
2647,0.03682645410299301,-1.3042984008789062,0.0,1.5493282079696655,0.941408391027577,0.0004932572106254035,1748944194.3005416
2648,0.03676397725939751,-1.3233652114868164,0.0,1.6509464979171753,0.941408391027577,0.000493254680553161,1748944194.3630404
2649,1.5327054262161255,-1.209237813949585,0.0,2.087496519088745,0.941408391027577,0.0004932521504938959,1748944194.424163
2650,0.037701353430747986,-0.9406101107597351,0.0,1.688038945198059,0.941408391027577,0.0004932496204476084,1748944194.4815757
2651,0.036518801003694534,-1.040161371231079,0.0,1.7053463459014893,0.941408391027577,0.0004932470904142984,1748944194.5397167
2652,0.04496580362319946,-0.8910554647445679,0.0,1.5116305351257324,0.941408391027577,0.0004932445603939655,1748944194.5991106
2653,0.04123082011938095,-0.9970715045928955,0.0,2.4011850357055664,0.941408391027577,0.0004932420303866101,1748944194.663557
2654,0.034652113914489746,-0.8065552711486816,0.0,2.0527915954589844,0.941408391027577,0.0004932395003922317,1748944194.7237504
2655,0.0214671790599823,-1.1186400651931763,0.0,0.7873743176460266,0.941408391027577,0.0004932369704108306,1748944194.7823875
2656,0.03883596509695053,-0.9557613134384155,0.0,1.5047528743743896,0.941408391027577,0.0004932344404424065,1748944194.84071
2657,0.037334591150283813,-1.119295358657837,0.0,1.7688888311386108,0.941408391027577,0.0004932319104869594,1748944194.9009607
2658,0.038560204207897186,-1.0267949104309082,0.0,1.392663836479187,0.941408391027577,0.0004932293805444892,1748944194.9646223
2659,0.054500848054885864,-1.1235542297363281,0.0,2.9953627586364746,0.941408391027577,0.000493226850614996,1748944195.0240564
2660,0.046312496066093445,-1.098899006843567,0.0,1.2838776111602783,0.941408391027577,0.0004932243206984796,1748944195.0825114
2661,0.029769519343972206,-1.0455777645111084,0.0,1.211529016494751,0.941408391027577,0.0004932217907949398,1748944195.1422193
2662,0.06121700629591942,-0.9330379366874695,0.0,2.646155834197998,0.941408391027577,0.0004932192609043768,1748944195.2055006
2663,0.03799428045749664,-0.9147255420684814,0.0,1.5732433795928955,0.941408391027577,0.0004932167310267904,1748944195.2642279
2664,0.04542120546102524,-1.117654800415039,0.0,1.9581533670425415,0.941408391027577,0.0004932142011621805,1748944195.3231332
2665,0.05950026959180832,-0.9224593639373779,0.0,2.5775184631347656,0.941408391027577,0.0004932116713105471,1748944195.3820705
2666,0.03576529771089554,-1.0291545391082764,0.0,1.6715062856674194,0.941408391027577,0.0004932091414718901,1748944195.4420793
2667,0.0305278729647398,-1.1234606504440308,0.0,1.5014857053756714,0.941408391027577,0.0004932066116462094,1748944195.50467
2668,1.5603400468826294,-1.3618563413619995,0.0,2.5630295276641846,0.941408391027577,0.000493204081833505,1748944195.5651414
2669,0.034019723534584045,-1.1219974756240845,0.0,1.9466822147369385,0.941408391027577,0.0004932015520337768,1748944195.6268775
2670,0.044673435389995575,-1.2132352590560913,0.0,1.4159958362579346,0.941408391027577,0.0004931990222470248,1748944195.6853786
2671,0.029077261686325073,-1.069799542427063,0.0,1.290523886680603,0.941408391027577,0.0004931964924732489,1748944195.747712
2672,0.03947557136416435,-1.0558243989944458,0.0,1.80573570728302,0.941408391027577,0.000493193962712449,1748944195.806574
2673,0.04288569837808609,-1.0904293060302734,0.0,1.9744582176208496,0.941408391027577,0.000493191432964625,1748944195.865359
2674,0.036251794546842575,-1.1500968933105469,0.0,1.193025827407837,0.941408391027577,0.0004931889032297769,1748944195.9241815
2675,0.046805620193481445,-1.1327695846557617,0.0,1.7137163877487183,0.941408391027577,0.0004931863735079046,1748944195.9832308
2676,0.03977488726377487,-0.8734121918678284,0.0,2.5521819591522217,0.941408391027577,0.000493183843799008,1748944196.0438242
2677,0.052931904792785645,-1.2250778675079346,0.0,2.1345112323760986,0.941408391027577,0.000493181314103087,1748944196.1066267
2678,0.035679806023836136,-1.1586809158325195,0.0,1.5650355815887451,0.941408391027577,0.0004931787844201418,1748944196.1656878
2679,0.03463200107216835,-1.1276696920394897,0.0,1.4264765977859497,0.941408391027577,0.000493176254750172,1748944196.223296
2680,0.037865474820137024,-0.9268772602081299,0.0,1.3532278537750244,0.941408391027577,0.0004931737250931778,1748944196.2814057
2681,0.030791083350777626,-1.148393154144287,0.0,1.5722190141677856,0.941408391027577,0.000493171195449159,1748944196.340299
2682,0.04225476458668709,-1.2631115913391113,0.0,1.9708060026168823,0.941408391027577,0.0004931686658181155,1748944196.4009852
2683,0.028468972072005272,-0.8880765438079834,0.0,1.3934675455093384,0.941408391027577,0.0004931661362000473,1748944196.4636216
2684,0.04849889874458313,-1.1853283643722534,0.0,3.319321632385254,0.941408391027577,0.0004931636065949542,1748944196.5232217
2685,0.04294666647911072,-0.9206708669662476,0.0,1.6303021907806396,0.941408391027577,0.0004931610770028364,1748944196.5822582
2686,0.04612823203206062,-0.8483040928840637,0.0,2.0000991821289062,0.941408391027577,0.0004931585474236936,1748944196.643492
2687,0.04953300207853317,-1.3286707401275635,0.0,1.6970977783203125,0.941408391027577,0.0004931560178575258,1748944196.70687
2688,0.03763854131102562,-0.7250022888183594,0.0,2.029240608215332,0.941408391027577,0.000493153488304333,1748944196.7656558
2689,0.0289960578083992,-1.085399866104126,0.0,1.1967543363571167,0.941408391027577,0.000493150958764115,1748944196.827058
2690,0.023313332349061966,-0.8701930642127991,0.0,0.9916738271713257,0.941408391027577,0.0004931484292368719,1748944196.890016
2691,0.02604535222053528,-1.1079065799713135,0.0,1.0820984840393066,0.941408391027577,0.0004931458997226034,1748944196.947954
2692,0.03287549316883087,-1.0503145456314087,0.0,1.344756007194519,0.941408391027577,0.0004931433702213097,1748944197.0081098
2693,1.5503772497177124,-1.0661377906799316,0.0,2.6741793155670166,0.941408391027577,0.0004931408407329907,1748944197.067777
2694,0.04453369230031967,-1.1171424388885498,0.0,1.9675929546356201,0.941408391027577,0.0004931383112576461,1748944197.1307738
2695,0.037773918360471725,-0.9760748147964478,0.0,1.1265127658843994,0.941408391027577,0.000493135781795276,1748944197.1909256
2696,0.03200334310531616,-1.089911699295044,0.0,2.0493526458740234,0.941408391027577,0.0004931332523458803,1748944197.2489974
2697,0.036712516099214554,-1.341021180152893,0.0,2.2122292518615723,0.941408391027577,0.000493130722909459,1748944197.3086722
2698,0.0294136144220829,-1.0194072723388672,0.0,0.8722845911979675,0.941408391027577,0.000493128193486012,1748944197.370656
2699,0.045891840010881424,-1.0784837007522583,0.0,1.7307145595550537,0.941408391027577,0.0004931256640755391,1748944197.4320617
2700,0.04311292618513107,-1.1888540983200073,0.0,1.9125531911849976,0.941408391027577,0.0004931231346780405,1748944197.4913387
2701,0.03340214490890503,-1.1273319721221924,0.0,1.9632385969161987,0.941408391027577,0.0004931206052935158,1748944197.5528367
2702,0.027036510407924652,-1.186415672302246,0.0,1.5866516828536987,0.941408391027577,0.0004931180759219652,1748944197.615278
2703,0.024639926850795746,-1.0936741828918457,0.0,0.974729597568512,0.941408391027577,0.0004931155465633885,1748944197.673693
2704,0.034608472138643265,-0.8858813643455505,0.0,1.174800992012024,0.941408391027577,0.0004931130172177859,1748944197.7330728
2705,0.04452101141214371,-1.0018095970153809,0.0,1.7285902500152588,0.941408391027577,0.0004931104878851569,1748944197.7946293
2706,0.03356250375509262,-0.9021527767181396,0.0,1.7691197395324707,0.941408391027577,0.0004931079585655017,1748944197.8566048
2707,0.03938571363687515,-1.01921546459198,0.0,1.4764533042907715,0.941408391027577,0.0004931054292588201,1748944197.9155881
2708,0.039329759776592255,-1.1093881130218506,0.0,1.0145258903503418,0.941408391027577,0.0004931028999651122,1748944197.974477
2709,0.03184918314218521,-1.2053841352462769,0.0,1.1548434495925903,0.941408391027577,0.0004931003706843778,1748944198.0405982
2710,0.036537349224090576,-0.9074639678001404,0.0,1.6027060747146606,0.941408391027577,0.000493097841416617,1748944198.0999477
2711,0.029603637754917145,-1.0570652484893799,0.0,1.3542003631591797,0.941408391027577,0.0004930953121618295,1748944198.1640477
2712,0.025672730058431625,-1.0393869876861572,0.0,1.301184892654419,0.941408391027577,0.0004930927829200154,1748944198.223551
2713,0.04046330228447914,-1.3066911697387695,0.0,2.1202902793884277,0.941408391027577,0.0004930902536911746,1748944198.2826796
2714,0.034391433000564575,-1.0177006721496582,0.0,1.2217512130737305,0.941408391027577,0.0004930877244753069,1748944198.3442001
2715,0.039658427238464355,-0.9487908482551575,0.0,1.2007899284362793,0.941408391027577,0.0004930851952724125,1748944198.405183
2716,0.04440540447831154,-0.9056975841522217,0.0,1.8728299140930176,0.941408391027577,0.0004930826660824911,1748944198.464751
2717,0.0414431169629097,-0.9375652074813843,0.0,1.4708997011184692,0.941408391027577,0.0004930801369055427,1748944198.5235329
2718,0.03329545259475708,-0.9262903332710266,0.0,1.7767980098724365,0.941408391027577,0.0004930776077415672,1748944198.5829175
2719,0.0356464609503746,-0.9959427714347839,0.0,1.4019246101379395,0.941408391027577,0.0004930750785905647,1748944198.6455495
2720,0.02625461481511593,-0.9908071160316467,0.0,1.1940721273422241,0.941408391027577,0.0004930725494525349,1748944198.7058675
2721,0.03309427574276924,-0.9689853191375732,0.0,1.2228143215179443,0.941408391027577,0.000493070020327478,1748944198.765038
2722,0.03911629319190979,-1.0353397130966187,0.0,1.8830437660217285,0.941408391027577,0.0004930674912153937,1748944198.8242393
2723,0.032465457916259766,-1.0195406675338745,0.0,1.345837116241455,0.941408391027577,0.000493064962116282,1748944198.88607
2724,0.02730679139494896,-1.168681025505066,0.0,1.2451802492141724,0.941408391027577,0.0004930624330301428,1748944198.9480374
2725,0.02728835493326187,-1.0486223697662354,0.0,1.2696613073349,0.941408391027577,0.0004930599039569762,1748944199.0055244
2726,0.030034903436899185,-1.0408644676208496,0.0,1.4591566324234009,0.941408391027577,0.0004930573748967819,1748944199.0645585
2727,0.037026576697826385,-0.9245719909667969,0.0,1.8484861850738525,0.941408391027577,0.00049305484584956,1748944199.1235015
2728,0.03284136950969696,-0.7294206023216248,0.0,2.289241075515747,0.941408391027577,0.0004930523168153104,1748944199.182155
2729,0.0295710489153862,-1.152309536933899,0.0,1.1125426292419434,0.941408391027577,0.000493049787794033,1748944199.2447257
2730,1.5369203090667725,-0.9907733201980591,0.0,2.0229084491729736,0.941408391027577,0.0004930472587857278,1748944199.3056533
2731,0.036487262696027756,-1.1559717655181885,0.0,1.361125111579895,0.941408391027577,0.0004930447297903947,1748944199.3643758
2732,0.03156190365552902,-1.1357793807983398,0.0,2.1843063831329346,0.941408391027577,0.0004930422008080336,1748944199.4231832
2733,0.04083104431629181,-1.0729939937591553,0.0,2.3235373497009277,0.941408391027577,0.0004930396718386443,1748944199.4819
2734,0.02822321094572544,-1.022244930267334,0.0,1.7790567874908447,0.941408391027577,0.000493037142882227,1748944199.5399013
2735,0.03693080693483353,-1.1823797225952148,0.0,0.9254205226898193,0.941408391027577,0.0004930346139387815,1748944199.59818
2736,0.026029355823993683,-1.2647584676742554,0.0,1.0987780094146729,0.941408391027577,0.0004930320850083078,1748944199.6570134
2737,0.06323938071727753,-1.0078498125076294,0.0,4.061887264251709,0.941408391027577,0.0004930295560908058,1748944199.7151587
2738,0.03593776002526283,-0.9369049668312073,0.0,1.1733777523040771,0.941408391027577,0.0004930270271862753,1748944199.7740805
2739,0.038927532732486725,-1.331404447555542,0.0,2.0377907752990723,0.941408391027577,0.0004930244982947164,1748944199.838844
2740,0.036903224885463715,-0.9388607144355774,0.0,1.7219853401184082,0.941408391027577,0.000493021969416129,1748944199.8978522
2741,0.03539670631289482,-0.9694654941558838,0.0,2.1630046367645264,0.941408391027577,0.0004930194405505131,1748944199.9568424
2742,0.03223364055156708,-1.1373963356018066,0.0,1.5541558265686035,0.941408391027577,0.0004930169116978684,1748944200.0220249
2743,0.019522203132510185,-1.0539767742156982,0.0,0.9925293326377869,0.941408391027577,0.0004930143828581951,1748944200.0828412
2744,0.033298246562480927,-0.9617739319801331,0.0,1.5377756357192993,0.941408391027577,0.000493011854031493,1748944200.1450417
2745,0.03442355990409851,-0.9163286685943604,0.0,1.923437237739563,0.941408391027577,0.000493009325217762,1748944200.206796
2746,0.04140111804008484,-1.0256491899490356,0.0,1.0928858518600464,0.941408391027577,0.000493006796417002,1748944200.265632
2747,0.03539780527353287,-1.158005952835083,0.0,1.5990484952926636,0.941408391027577,0.0004930042676292132,1748944200.3258116
2748,0.03959443047642708,-1.170188069343567,0.0,1.7238123416900635,0.941408391027577,0.0004930017388543953,1748944200.3854702
2749,0.026027226820588112,-1.181947946548462,0.0,1.6520097255706787,0.941408391027577,0.0004929992100925483,1748944200.4486496
2750,0.037945330142974854,-1.0488290786743164,0.0,1.5956124067306519,0.941408391027577,0.000492996681343672,1748944200.5058641
2751,0.02972729504108429,-1.1866722106933594,0.0,1.92275869846344,0.941408391027577,0.0004929941526077666,1748944200.566751
2752,0.03805675357580185,-1.005885362625122,0.0,0.9537139534950256,0.941408391027577,0.0004929916238848318,1748944200.627873
2753,0.01808152161538601,-0.9837262630462646,0.0,0.6951982378959656,0.941408391027577,0.0004929890951748677,1748944200.6908705
2754,0.029656775295734406,-0.9860768914222717,0.0,1.595130205154419,0.9380766070215592,0.000492986566477874,1748944200.7506733
2755,0.05323975533246994,-1.1445691585540771,0.0,2.6568655967712402,0.9380766070215592,0.000492984037793851,1748944200.814244
2756,0.034018032252788544,-1.1061010360717773,0.0,1.5515692234039307,0.9380766070215592,0.0004929815091227983,1748944200.8735104
2757,0.03145896643400192,-1.0298020839691162,0.0,1.224966287612915,0.9380766070215592,0.0004929789804647159,1748944200.939046
2758,0.03826489299535751,-1.126275658607483,0.0,1.19638192653656,0.9380766070215592,0.0004929764518196039,1748944200.99817
2759,0.03824508190155029,-0.9673923254013062,0.0,1.5075690746307373,0.9380766070215592,0.0004929739231874621,1748944201.0568554
2760,0.035414475947618484,-1.216138482093811,0.0,1.3874911069869995,0.9380766070215592,0.0004929713945682904,1748944201.121923
2761,1.5433646440505981,-1.125641107559204,0.0,1.7134066820144653,0.9380766070215592,0.0004929688659620888,1748944201.1809623
2762,0.03208214044570923,-1.0139833688735962,0.0,1.8099160194396973,0.9380766070215592,0.0004929663373688572,1748944201.2400324
2763,0.03308006003499031,-0.7630523443222046,0.0,1.8708105087280273,0.9380766070215592,0.0004929638087885956,1748944201.2986867
2764,0.03194665536284447,-1.1031835079193115,0.0,2.105740785598755,0.9380766070215592,0.0004929612802213038,1748944201.3569987
2765,0.03348076343536377,-1.0335737466812134,0.0,1.4133368730545044,0.9380766070215592,0.000492958751666982,1748944201.4151495
2766,0.036472052335739136,-1.1277132034301758,0.0,2.3523077964782715,0.9380766070215592,0.0004929562231256299,1748944201.4731996
2767,0.04795026779174805,-1.0454365015029907,0.0,2.1197612285614014,0.9380766070215592,0.0004929536945972473,1748944201.5319464
2768,0.02508767880499363,-0.9912246465682983,0.0,1.5754611492156982,0.9380766070215592,0.0004929511660818345,1748944201.5977058
2769,0.031108101829886436,-1.2248454093933105,0.0,1.546244502067566,0.9380766070215592,0.0004929486375793912,1748944201.656795
2770,0.039213843643665314,-1.0956306457519531,0.0,1.9721184968948364,0.9380766070215592,0.0004929461090899174,1748944201.7171042
2771,0.033773284405469894,-1.2872943878173828,0.0,1.7136808633804321,0.9380766070215592,0.0004929435806134131,1748944201.7809849
2772,0.02837591990828514,-1.1000988483428955,0.0,1.2416352033615112,0.9380766070215592,0.000492941052149878,1748944201.839961
2773,0.031105011701583862,-1.0360841751098633,0.0,1.8732141256332397,0.9380766070215592,0.0004929385236993123,1748944201.8978422
2774,0.04154675826430321,-0.9698978066444397,0.0,1.001503825187683,0.9380766070215592,0.0004929359952617158,1748944201.9569724
2775,0.04281860217452049,-1.2142632007598877,0.0,1.6365458965301514,0.9380766070215592,0.0004929334668370885,1748944202.0171502
2776,0.028151851147413254,-1.076071858406067,0.0,1.062575340270996,0.9380766070215592,0.0004929309384254302,1748944202.081212
2777,1.5379114151000977,-1.1699084043502808,0.0,1.6834279298782349,0.9380766070215592,0.000492928410026741,1748944202.140205
2778,1.555442214012146,-0.9995350241661072,0.0,2.1501855850219727,0.9380766070215592,0.0004929258816410207,1748944202.1988113
2779,0.033481623977422714,-0.9523656368255615,0.0,1.4008723497390747,0.9380766070215592,0.0004929233532682693,1748944202.255269
2780,0.037810731679201126,-1.315844178199768,0.0,1.5895259380340576,0.9380766070215592,0.0004929208249084867,1748944202.3153408
2781,0.04040791839361191,-1.0328377485275269,0.0,1.2943706512451172,0.9380766070215592,0.0004929182965616729,1748944202.3783464
2782,0.029030069708824158,-1.0485644340515137,0.0,1.0470800399780273,0.9380766070215592,0.0004929157682278277,1748944202.4408278
2783,0.02679475024342537,-0.7942484617233276,0.0,2.0128164291381836,0.9380766070215592,0.0004929132399069513,1748944202.5011787
2784,0.03716354817152023,-0.9835549592971802,0.0,2.7322843074798584,0.9380766070215592,0.0004929107115990433,1748944202.5631065
2785,0.02983764186501503,-1.0120413303375244,0.0,1.2337498664855957,0.9380766070215592,0.0004929081833041039,1748944202.6239526
2786,0.04096715897321701,-1.2009813785552979,0.0,3.205296277999878,0.9380766070215592,0.0004929056550221329,1748944202.6814613
2787,0.04123486950993538,-1.1309627294540405,0.0,1.691901683807373,0.9380766070215592,0.0004929031267531302,1748944202.7407496
2788,0.034098051488399506,-1.094125509262085,0.0,2.070117235183716,0.9380766070215592,0.0004929005984970957,1748944202.7999687
2789,0.028480421751737595,-0.8885785341262817,0.0,1.5052165985107422,0.9380766070215592,0.0004928980702540297,1748944202.8638108
2790,0.03663698583841324,-1.0143556594848633,0.0,1.2904123067855835,0.9380766070215592,0.0004928955420239316,1748944202.9237914
2791,0.04411942511796951,-0.9702931046485901,0.0,1.7635974884033203,0.9380766070215592,0.0004928930138068018,1748944202.9818542
2792,0.02832958661019802,-1.013664722442627,0.0,1.6097038984298706,0.9380766070215592,0.0004928904856026399,1748944203.0406992
2793,0.042442940175533295,-0.8516517281532288,0.0,1.8049250841140747,0.9380766070215592,0.000492887957411446,1748944203.1008098
2794,0.03653162717819214,-1.115142583847046,0.0,1.6173499822616577,0.9380766070215592,0.0004928854292332199,1748944203.162102
2795,0.03197948634624481,-0.9899179935455322,0.0,1.6752281188964844,0.9380766070215592,0.0004928829010679617,1748944203.2229793
2796,0.03194907307624817,-1.205420970916748,0.0,2.040576457977295,0.9380766070215592,0.0004928803729156713,1748944203.2806156
2797,0.022240743041038513,-0.9626108407974243,0.0,1.1443421840667725,0.9380766070215592,0.0004928778447763486,1748944203.33972
2798,0.027290206402540207,-1.1183242797851562,0.0,1.051413893699646,0.9380766070215592,0.0004928753166499935,1748944203.3987718
2799,0.03425835072994232,-0.943792462348938,0.0,1.330535888671875,0.9380766070215592,0.0004928727885366059,1748944203.4579325
2800,0.03248735889792442,-1.076628565788269,0.0,1.7686668634414673,0.9380766070215592,0.0004928702604361858,1748944203.5227182
2801,0.025995999574661255,-0.9636595249176025,0.0,1.542069673538208,0.9380766070215592,0.0004928677323487332,1748944203.581583
2802,0.02631133422255516,-0.8733905553817749,0.0,1.3700722455978394,0.9380766070215592,0.0004928652042742479,1748944203.640035
2803,0.04514376074075699,-1.2769901752471924,0.0,2.116424560546875,0.9380766070215592,0.0004928626762127299,1748944203.6995854
2804,0.034741707146167755,-1.2468292713165283,0.0,1.924478530883789,0.9380766070215592,0.0004928601481641792,1748944203.7639544
2805,0.03846260905265808,-1.0997912883758545,0.0,1.8841190338134766,0.9380766070215592,0.0004928576201285956,1748944203.823163
2806,0.029452521353960037,-0.9823340177536011,0.0,1.5390483140945435,0.9380766070215592,0.000492855092105979,1748944203.881062
2807,0.03677365928888321,-1.0039998292922974,0.0,1.6812201738357544,0.9380766070215592,0.0004928525640963295,1748944203.9398077
2808,0.03442351520061493,-1.050050139427185,0.0,1.6812468767166138,0.9380766070215592,0.0004928500360996471,1748944204.000549
2809,0.02825046330690384,-1.137488603591919,0.0,1.9970617294311523,0.9380766070215592,0.0004928475081159314,1748944204.0629096
2810,0.04366670921444893,-1.0734511613845825,0.0,1.9167400598526,0.9380766070215592,0.0004928449801451827,1748944204.1254234
2811,0.024966318160295486,-1.1328158378601074,0.0,0.8124990463256836,0.9380766070215592,0.0004928424521874007,1748944204.1880715
2812,0.04657850041985512,-1.1861616373062134,0.0,2.1470725536346436,0.9380766070215592,0.0004928399242425853,1748944204.2483082
2813,0.030914371833205223,-1.105276107788086,0.0,1.8054895401000977,0.9380766070215592,0.0004928373963107366,1748944204.306907
2814,0.03451044112443924,-1.1696279048919678,0.0,2.55218243598938,0.9380766070215592,0.0004928348683918545,1748944204.3652477
2815,0.03497818857431412,-1.0302858352661133,0.0,1.8488874435424805,0.9380766070215592,0.0004928323404859388,1748944204.4239588
2816,0.03729051351547241,-1.0492255687713623,0.0,1.419264316558838,0.9380766070215592,0.0004928298125929895,1748944204.482069
2817,0.032341476529836655,-1.1144558191299438,0.0,1.6329731941223145,0.9380766070215592,0.0004928272847130067,1748944204.5406752
2818,0.03455755114555359,-1.3141815662384033,0.0,2.0067994594573975,0.9380766070215592,0.0004928247568459902,1748944204.598782
2819,0.035244256258010864,-1.0134949684143066,0.0,1.9659591913223267,0.9380766070215592,0.0004928222289919397,1748944204.6608884
2820,0.0290851853787899,-1.0368010997772217,0.0,1.098905324935913,0.9380766070215592,0.0004928197011508556,1748944204.7230148
2821,0.026689961552619934,-1.1291097402572632,0.0,1.1265774965286255,0.9380766070215592,0.0004928171733227376,1748944204.7811093
2822,0.03234710544347763,-1.1625993251800537,0.0,1.5918335914611816,0.9380766070215592,0.0004928146455075855,1748944204.840906
2823,0.035887718200683594,-1.0168018341064453,0.0,1.3164728879928589,0.9380766070215592,0.0004928121177053994,1748944204.9030294
2824,1.539207935333252,-1.215152382850647,0.0,1.5098365545272827,0.9380766070215592,0.0004928095899161793,1748944204.9656737
2825,0.030215436592698097,-1.1193914413452148,0.0,1.6629106998443604,0.9380766070215592,0.0004928070621399249,1748944205.0255284
2826,0.033571213483810425,-1.1272755861282349,0.0,1.5366138219833374,0.9380766070215592,0.0004928045343766363,1748944205.0854595
2827,0.02600303664803505,-0.7692083120346069,0.0,1.9656751155853271,0.9380766070215592,0.0004928020066263134,1748944205.1486542
2828,0.027671080082654953,-0.9049386978149414,0.0,0.8867022395133972,0.9380766070215592,0.0004927994788889562,1748944205.206962
2829,0.028475092723965645,-0.7880328893661499,0.0,1.1665476560592651,0.9380766070215592,0.0004927969511645644,1748944205.265273
2830,0.025614768266677856,-0.9973016381263733,0.0,0.8799903392791748,0.9380766070215592,0.0004927944234531383,1748944205.3236165
2831,0.03857690840959549,-0.8985909223556519,0.0,1.777265191078186,0.9380766070215592,0.0004927918957546775,1748944205.3811598
2832,0.030782006680965424,-0.9027357697486877,0.0,1.576887845993042,0.9380766070215592,0.0004927893680691821,1748944205.4404492
2833,0.05187954753637314,-1.164327621459961,0.0,1.6734297275543213,0.9380766070215592,0.0004927868403966521,1748944205.503092
2834,0.030878540128469467,-1.2096023559570312,0.0,0.7876559495925903,0.9380766070215592,0.0004927843127370871,1748944205.5659328
2835,0.018472371622920036,-0.9883717894554138,0.0,0.6901448965072632,0.9380766070215592,0.0004927817850904874,1748944205.6274066
2836,0.0324004627764225,-1.0947022438049316,0.0,1.1774009466171265,0.9380766070215592,0.0004927792574568529,1748944205.687553
2837,0.0330839604139328,-0.9458692073822021,0.0,1.372294306755066,0.9380766070215592,0.0004927767298361832,1748944205.7475996
2838,1.546947717666626,-1.2646509408950806,0.0,1.0637718439102173,0.9380766070215592,0.0004927742022284786,1748944205.806868
2839,0.040129587054252625,-1.185637354850769,0.0,2.077253580093384,0.9380766070215592,0.0004927716746337389,1748944205.8652165
2840,0.045315809547901154,-0.9214110374450684,0.0,2.230412006378174,0.9380766070215592,0.000492769147051964,1748944205.9268708
2841,0.03587782755494118,-1.1069470643997192,0.0,1.5286729335784912,0.9380766070215592,0.0004927666194831539,1748944205.98995
2842,1.5440468788146973,-1.1140313148498535,0.0,1.1123323440551758,0.9380766070215592,0.0004927640919273085,1748944206.049192
2843,0.03422876074910164,-0.9798437356948853,0.0,1.5120126008987427,0.9380766070215592,0.0004927615643844277,1748944206.1110666
2844,0.026666007936000824,-1.0991625785827637,0.0,1.8835970163345337,0.9380766070215592,0.0004927590368545115,1748944206.173869
2845,0.03739374130964279,-0.8574893474578857,0.0,1.9161062240600586,0.9380766070215592,0.0004927565093375598,1748944206.236676
2846,0.04099787771701813,-0.8972522020339966,0.0,2.257096767425537,0.9380766070215592,0.0004927539818335725,1748944206.2998612
2847,0.032054055482149124,-1.081146001815796,0.0,1.1337189674377441,0.9380766070215592,0.0004927514543425496,1748944206.360773
2848,0.05315277725458145,-0.951438844203949,0.0,1.5980818271636963,0.9380766070215592,0.000492748926864491,1748944206.4243386
2849,0.02081865817308426,-0.992615818977356,0.0,0.9489853978157043,0.9380766070215592,0.0004927463993993967,1748944206.485374
2850,0.046188484877347946,-1.1026406288146973,0.0,2.6592652797698975,0.9380766070215592,0.0004927438719472664,1748944206.5479033
2851,0.03426769748330116,-1.0307848453521729,0.0,1.0316667556762695,0.9380766070215592,0.0004927413445081003,1748944206.6068735
2852,0.05303147807717323,-1.1001005172729492,0.0,1.467353343963623,0.9380766070215592,0.0004927388170818982,1748944206.6658082
2853,0.03588114306330681,-1.0854548215866089,0.0,1.616818904876709,0.9380766070215592,0.0004927362896686602,1748944206.725659
2854,0.029375476762652397,-1.0387616157531738,0.0,1.2828336954116821,0.9380766070215592,0.000492733762268386,1748944206.7855008
2855,0.03616558015346527,-1.1532812118530273,0.0,1.5204142332077026,0.9380766070215592,0.0004927312348810756,1748944206.84792
2856,0.022756759077310562,-1.109325647354126,0.0,1.2821240425109863,0.9380766070215592,0.000492728707506729,1748944206.9070115
2857,0.029978249222040176,-1.1320250034332275,0.0,1.4305698871612549,0.9380766070215592,0.0004927261801453461,1748944206.9652388
2858,0.03487550839781761,-0.8679012060165405,0.0,1.1920335292816162,0.9380766070215592,0.0004927236527969268,1748944207.0241485
2859,0.04679291695356369,-1.066347360610962,0.0,2.423403024673462,0.9380766070215592,0.0004927211254614712,1748944207.082245
2860,0.0332019180059433,-1.050238847732544,0.0,0.7877004146575928,0.9380766070215592,0.000492718598138979,1748944207.1423564
2861,0.025425560772418976,-0.9516654014587402,0.0,1.1563634872436523,0.9380766070215592,0.0004927160708294502,1748944207.2041664
2862,0.042021799832582474,-1.087908387184143,0.0,2.633930206298828,0.9380766070215592,0.0004927135435328848,1748944207.264718
2863,0.047175973653793335,-1.4471412897109985,0.0,3.686478614807129,0.9380766070215592,0.0004927110162492827,1748944207.323474
2864,0.02589498832821846,-0.9648983478546143,0.0,1.0417938232421875,0.9380766070215592,0.0004927084889786439,1748944207.3821054
2865,0.043778203427791595,-1.026463508605957,0.0,1.4431145191192627,0.9380766070215592,0.0004927059617209682,1748944207.44065
2866,0.030923988670110703,-1.0806150436401367,0.0,1.1052751541137695,0.9380766070215592,0.0004927034344762557,1748944207.4989026
2867,0.03875007852911949,-1.2066524028778076,0.0,2.0979039669036865,0.9380766070215592,0.0004927009072445061,1748944207.5598888
2868,0.024228030815720558,-1.0950534343719482,0.0,1.0745960474014282,0.9380766070215592,0.0004926983800257196,1748944207.6205802
2869,0.037125956267118454,-1.0407311916351318,0.0,2.110276460647583,0.9380766070215592,0.0004926958528198959,1748944207.6817932
2870,0.021283701062202454,-0.8637571930885315,0.0,1.04300057888031,0.9380766070215592,0.0004926933256270351,1748944207.741298
2871,0.03880375623703003,-1.096994400024414,0.0,1.605596661567688,0.9380766070215592,0.0004926907984471371,1748944207.802045
2872,0.03486283868551254,-0.8414257764816284,0.0,1.1345036029815674,0.9380766070215592,0.0004926882712802017,1748944207.863708
2873,0.025991283357143402,-1.1053729057312012,0.0,1.2314708232879639,0.9380766070215592,0.000492685744126229,1748944207.9234028
2874,0.03378656506538391,-0.9448054432868958,0.0,1.1892344951629639,0.9380766070215592,0.0004926832169852189,1748944207.9820237
2875,0.03627415746450424,-1.2622623443603516,0.0,1.4811930656433105,0.9380766070215592,0.0004926806898571713,1748944208.0409727
2876,0.03437410295009613,-1.1794874668121338,0.0,1.4964540004730225,0.9380766070215592,0.0004926781627420861,1748944208.103907
2877,0.057635143399238586,-0.9819310903549194,0.0,1.4093677997589111,0.9380766070215592,0.0004926756356399633,1748944208.1642976
2878,0.03309626877307892,-1.1188170909881592,0.0,1.6810927391052246,0.9380766070215592,0.0004926731085508028,1748944208.2234914
2879,0.020803768187761307,-0.77335125207901,0.0,1.4850043058395386,0.9380766070215592,0.0004926705814746045,1748944208.2827
2880,0.03163937106728554,-0.8281696438789368,0.0,2.0129880905151367,0.9380766070215592,0.0004926680544113685,1748944208.3434012
2881,0.03754418343305588,-0.8732415437698364,0.0,1.8744373321533203,0.9380766070215592,0.0004926655273610945,1748944208.404382
2882,0.04713108018040657,-1.1921015977859497,0.0,1.6090500354766846,0.9380766070215592,0.0004926630003237825,1748944208.4654195
2883,0.029840128496289253,-0.9597069025039673,0.0,1.3666346073150635,0.9380766070215592,0.0004926604732994325,1748944208.5235846
2884,0.026508990675210953,-1.007820963859558,0.0,1.6971949338912964,0.9380766070215592,0.0004926579462880445,1748944208.582495
2885,0.04039183259010315,-0.9919760227203369,0.0,1.7422168254852295,0.9380766070215592,0.0004926554192896183,1748944208.639825
2886,0.0471433661878109,-0.9296971559524536,0.0,2.0633981227874756,0.9380766070215592,0.0004926528923041538,1748944208.6996384
2887,0.024740779772400856,-0.9962325692176819,0.0,0.8667894005775452,0.9380766070215592,0.0004926503653316511,1748944208.7592714
2888,0.02635415643453598,-1.0568236112594604,0.0,0.9445232152938843,0.9380766070215592,0.0004926478383721099,1748944208.8222601
2889,1.538917064666748,-1.1023350954055786,0.0,1.897913932800293,0.9380766070215592,0.0004926453114255304,1748944208.8831258
2890,0.02894873172044754,-0.9944710731506348,0.0,1.7199937105178833,0.9380766070215592,0.0004926427844919125,1748944208.9455104
2891,0.03286038711667061,-1.0854010581970215,0.0,1.3129223585128784,0.9380766070215592,0.0004926402575712559,1748944209.0068796
2892,0.03664155304431915,-0.9572764039039612,0.0,1.377179503440857,0.9380766070215592,0.0004926377306635607,1748944209.0667892
2893,1.5380024909973145,-1.199172019958496,0.0,1.361784815788269,0.9380766070215592,0.0004926352037688267,1748944209.1296566
2894,0.022929836064577103,-1.1083649396896362,0.0,1.040306806564331,0.9380766070215592,0.0004926326768870541,1748944209.1910534
2895,0.030295128002762794,-1.2285579442977905,0.0,1.423899531364441,0.9380766070215592,0.0004926301500182426,1748944209.252894
2896,0.03075372613966465,-1.076112985610962,0.0,1.2171601057052612,0.9380766070215592,0.0004926276231623923,1748944209.3154817
2897,0.030962657183408737,-1.2710928916931152,0.0,1.5351134538650513,0.9380766070215592,0.0004926250963195029,1748944209.3735082
2898,0.029743587598204613,-1.0150749683380127,0.0,1.0247019529342651,0.9380766070215592,0.0004926225694895746,1748944209.4313846
2899,0.02634226344525814,-1.2912647724151611,0.0,1.2775779962539673,0.9380766070215592,0.0004926200426726071,1748944209.489711
2900,0.03733845055103302,-0.9956676363945007,0.0,1.4784464836120605,0.9380766070215592,0.0004926175158686006,1748944209.5511072
2901,0.0334608368575573,-0.8766086101531982,0.0,1.4783607721328735,0.9380766070215592,0.0004926149890775547,1748944209.6110923
2902,0.030852660536766052,-0.9499716758728027,0.0,1.2783111333847046,0.9380766070215592,0.0004926124622994697,1748944209.6730983
2903,0.028552046045660973,-1.2755106687545776,0.0,1.2085731029510498,0.9380766070215592,0.0004926099355343452,1748944209.731836
2904,0.030843328684568405,-0.9048700332641602,0.0,2.051675319671631,0.9380766070215592,0.0004926074087821813,1748944209.7894588
2905,0.02597399614751339,-1.014350414276123,0.0,1.104804277420044,0.9380766070215592,0.0004926048820429779,1748944209.8499904
2906,0.03528768941760063,-1.0842151641845703,0.0,1.6128778457641602,0.9380766070215592,0.000492602355316735,1748944209.9108646
2907,0.032023124396800995,-0.9602837562561035,0.0,1.1585707664489746,0.9380766070215592,0.0004925998286034525,1748944209.9739869
2908,0.038223907351493835,-1.1434770822525024,0.0,1.2700376510620117,0.9380766070215592,0.0004925973019031302,1748944210.0329478
2909,0.03875097632408142,-0.963709831237793,0.0,1.5851939916610718,0.9380766070215592,0.0004925947752157683,1748944210.092615
2910,0.0361621156334877,-0.749058723449707,0.0,1.0660827159881592,0.9380766070215592,0.0004925922485413664,1748944210.154324
2911,0.03301345556974411,-1.2650772333145142,0.0,1.5741479396820068,0.9380766070215592,0.0004925897218799247,1748944210.2145188
2912,0.04162325710058212,-1.1478922367095947,0.0,1.3293405771255493,0.9380766070215592,0.000492587195231443,1748944210.2735968
2913,0.03778262436389923,-1.18097722530365,0.0,1.9633277654647827,0.9380766070215592,0.0004925846685959215,1748944210.3351026
2914,0.031710147857666016,-0.966571569442749,0.0,1.0168449878692627,0.9380766070215592,0.0004925821419733597,1748944210.3958519
2915,0.03131520748138428,-1.3492047786712646,0.0,1.370614767074585,0.9380766070215592,0.0004925796153637577,1748944210.455494
2916,0.03288374841213226,-0.8716267347335815,0.0,1.5595771074295044,0.9380766070215592,0.0004925770887671156,1748944210.5167248
2917,1.5344650745391846,-1.0903606414794922,0.0,1.5683804750442505,0.9380766070215592,0.0004925745621834331,1748944210.5786934
2918,0.03027893602848053,-1.1858654022216797,0.0,1.511753797531128,0.9380766070215592,0.0004925720356127104,1748944210.640034
2919,0.03664737567305565,-1.0742268562316895,0.0,1.668692946434021,0.9380766070215592,0.0004925695090549472,1748944210.6979218
2920,0.04019327461719513,-1.2350189685821533,0.0,2.7058334350585938,0.9380766070215592,0.0004925669825101435,1748944210.7567627
2921,0.03737711161375046,-1.0139567852020264,0.0,2.530310869216919,0.9380766070215592,0.0004925644559782993,1748944210.8145561
2922,0.04100527986884117,-1.1904537677764893,0.0,1.7792812585830688,0.9380766070215592,0.0004925619294594145,1748944210.8736038
2923,0.032187819480895996,-1.1157236099243164,0.0,1.6933869123458862,0.9380766070215592,0.0004925594029534889,1748944210.9322822
2924,0.02213049679994583,-1.0659300088882446,0.0,1.4166412353515625,0.9380766070215592,0.0004925568764605227,1748944210.9909434
2925,0.045475687831640244,-0.8190602660179138,0.0,2.3017756938934326,0.9380766070215592,0.0004925543499805155,1748944211.0503314
2926,0.047361165285110474,-1.04213285446167,0.0,2.6023216247558594,0.9380766070215592,0.0004925518235134675,1748944211.113111
2927,0.04533519595861435,-0.89376300573349,0.0,1.9906402826309204,0.9380766070215592,0.0004925492970593786,1748944211.1734166
2928,0.037092071026563644,-1.1143672466278076,0.0,1.8392308950424194,0.9380766070215592,0.0004925467706182486,1748944211.2312243
2929,0.03774064779281616,-1.0707991123199463,0.0,1.8907686471939087,0.9380766070215592,0.0004925442441900776,1748944211.2906911
2930,0.0428629107773304,-1.2622807025909424,0.0,2.9164304733276367,0.9380766070215592,0.0004925417177748654,1748944211.3499224
2931,0.03317191079258919,-1.1470205783843994,0.0,1.4523035287857056,0.9380766070215592,0.0004925391913726118,1748944211.4090421
2932,0.03163908049464226,-0.9233129024505615,0.0,1.262534737586975,0.9380766070215592,0.0004925366649833172,1748944211.472666
2933,0.04085984826087952,-1.0152546167373657,0.0,1.9382902383804321,0.9380766070215592,0.0004925341386069811,1748944211.5320315
2934,0.02994128316640854,-1.055741548538208,0.0,1.3699274063110352,0.9380766070215592,0.0004925316122436037,1748944211.5908773
2935,0.032952405512332916,-0.988187313079834,0.0,2.10544753074646,0.9380766070215592,0.0004925290858931847,1748944211.6502254
2936,0.03942473232746124,-1.1651153564453125,0.0,1.7065316438674927,0.9380766070215592,0.0004925265595557242,1748944211.7145412
2937,0.03864596411585808,-1.0461578369140625,0.0,2.076711893081665,0.9380766070215592,0.0004925240332312222,1748944211.7737293
2938,0.029260829091072083,-0.7928707599639893,0.0,1.839680790901184,0.9380766070215592,0.0004925215069196783,1748944211.8316164
2939,0.03603626415133476,-1.104594349861145,0.0,1.1395554542541504,0.9380766070215592,0.0004925189806210927,1748944211.8897903
2940,0.029837720096111298,-1.0914897918701172,0.0,1.222531795501709,0.9380766070215592,0.0004925164543354654,1748944211.9475887
2941,0.042460232973098755,-0.9323642253875732,0.0,1.576546311378479,0.9380766070215592,0.0004925139280627962,1748944212.0067077
2942,0.04242100194096565,-0.9916316866874695,0.0,2.4136948585510254,0.9380766070215592,0.000492511401803085,1748944212.065442
2943,0.038096338510513306,-1.3099138736724854,0.0,2.4175479412078857,0.9380766070215592,0.0004925088755563318,1748944212.127868
2944,0.04038408398628235,-1.2476869821548462,0.0,2.5259969234466553,0.9380766070215592,0.0004925063493225365,1748944212.1900082
2945,0.030132196843624115,-1.2548649311065674,0.0,1.1644582748413086,0.9380766070215592,0.000492503823101699,1748944212.2478542
2946,0.026048559695482254,-1.1786425113677979,0.0,1.3974766731262207,0.9380766070215592,0.0004925012968938194,1748944212.3118963
2947,0.042138636112213135,-0.7170760631561279,0.0,1.2336900234222412,0.9380766070215592,0.0004924987706988975,1748944212.3738637
2948,0.05469754710793495,-1.0702810287475586,0.0,2.3389458656311035,0.9380766070215592,0.0004924962445169331,1748944212.4320962
2949,0.044744573533535004,-1.0252184867858887,0.0,2.441863775253296,0.9380766070215592,0.0004924937183479265,1748944212.4921753
2950,0.029152223840355873,-0.8253217935562134,0.0,2.271803617477417,0.9380766070215592,0.0004924911921918773,1748944212.555937
2951,0.03476036339998245,-1.178807258605957,0.0,1.0682122707366943,0.9380766070215592,0.0004924886660487856,1748944212.6153395
2952,0.026940612122416496,-1.2090060710906982,0.0,0.9938085675239563,0.9380766070215592,0.0004924861399186512,1748944212.6787086
2953,0.041736800223588943,-1.234745979309082,0.0,1.8864948749542236,0.9380766070215592,0.0004924836138014742,1748944212.7406726
2954,0.038128823041915894,-1.0324079990386963,0.0,1.8560758829116821,0.9347572761007651,0.0004924810876972544,1748944212.7988915
2955,0.03314415365457535,-1.0202921628952026,0.0,1.4527195692062378,0.9347572761007651,0.0004924785616059918,1748944212.8577278
2956,0.033431075513362885,-0.965528130531311,0.0,1.7554423809051514,0.9347572761007651,0.0004924760355276864,1748944212.9166462
2957,0.029687928035855293,-1.1166517734527588,0.0,1.8122113943099976,0.9347572761007651,0.0004924735094623381,1748944212.9779325
2958,0.0398973748087883,-0.9719399213790894,0.0,1.9225355386734009,0.9347572761007651,0.0004924709834099466,1748944213.0408034
2959,0.03442101925611496,-1.1377198696136475,0.0,1.5861414670944214,0.9347572761007651,0.0004924684573705122,1748944213.101904
2960,0.04117982089519501,-0.7735443711280823,0.0,1.656729817390442,0.9347572761007651,0.0004924659313440345,1748944213.163456
2961,1.5498592853546143,-1.0521100759506226,0.0,2.329012155532837,0.9347572761007651,0.0004924634053305137,1748944213.2231107
2962,0.03667420893907547,-0.97196364402771,0.0,1.4171843528747559,0.9347572761007651,0.0004924608793299496,1748944213.281923
2963,0.031100023537874222,-0.9313327074050903,0.0,1.71771240234375,0.9347572761007651,0.000492458353342342,1748944213.3399518
2964,0.02422378957271576,-1.0605326890945435,0.0,0.9370070099830627,0.9347572761007651,0.0004924558273676912,1748944213.3980289
2965,0.026688329875469208,-1.0389623641967773,0.0,1.1233294010162354,0.9347572761007651,0.0004924533014059969,1748944213.4571648
2966,0.037726081907749176,-1.1973292827606201,0.0,1.609989047050476,0.9347572761007651,0.000492450775457259,1748944213.5169206
2967,0.028072603046894073,-1.1121342182159424,0.0,1.5562177896499634,0.9347572761007651,0.0004924482495214774,1748944213.5800958
2968,0.06293842196464539,-0.9668307304382324,0.0,3.5241222381591797,0.9347572761007651,0.0004924457235986522,1748944213.6400938
2969,0.030705168843269348,-1.1692638397216797,0.0,1.1393723487854004,0.9347572761007651,0.0004924431976887833,1748944213.6996064
2970,0.02576436474919319,-0.9727939367294312,0.0,1.257003903388977,0.9347572761007651,0.0004924406717918705,1748944213.7615077
2971,0.026978177949786186,-1.2803897857666016,0.0,1.6206817626953125,0.9347572761007651,0.000492438145907914,1748944213.8229923
2972,0.03568146377801895,-0.7654408812522888,0.0,1.3098042011260986,0.9347572761007651,0.0004924356200369135,1748944213.883161
2973,0.025478564202785492,-0.9090965390205383,0.0,1.3315203189849854,0.9347572761007651,0.0004924330941788689,1748944213.9415545
2974,0.04214847832918167,-0.9201981425285339,0.0,2.6486096382141113,0.9347572761007651,0.0004924305683337803,1748944214.0021179
2975,0.035110317170619965,-1.1822696924209595,0.0,1.8179157972335815,0.9347572761007651,0.0004924280425016474,1748944214.0636475
2976,0.032392557710409164,-0.8633833527565002,0.0,1.9868906736373901,0.9347572761007651,0.0004924255166824705,1748944214.1231935
2977,0.02691683918237686,-1.1408538818359375,0.0,1.198808193206787,0.9347572761007651,0.0004924229908762492,1748944214.1821961
2978,0.038980837911367416,-1.1638123989105225,0.0,2.170008897781372,0.9347572761007651,0.0004924204650829836,1748944214.2409978
2979,0.047721557319164276,-1.0862388610839844,0.0,2.8238019943237305,0.9347572761007651,0.0004924179393026736,1748944214.3007393
2980,1.5458908081054688,-0.9817639589309692,0.0,1.7071232795715332,0.9347572761007651,0.0004924154135353191,1748944214.363514
2981,0.025483790785074234,-1.066367268562317,0.0,1.025760293006897,0.9347572761007651,0.0004924128877809201,1748944214.4239135
2982,0.02604164183139801,-1.1505773067474365,0.0,1.2154325246810913,0.9347572761007651,0.0004924103620394764,1748944214.4825344
2983,0.028822965919971466,-0.959373950958252,0.0,1.4121861457824707,0.9347572761007651,0.0004924078363109882,1748944214.5416515
2984,0.052543558180332184,-0.9235074520111084,0.0,2.6424620151519775,0.9347572761007651,0.0004924053105954551,1748944214.6032047
2985,0.03180063143372536,-1.0231716632843018,0.0,1.2843180894851685,0.9347572761007651,0.0004924027848928772,1748944214.6648982
2986,0.0314997099339962,-1.266944408416748,0.0,1.4702012538909912,0.9347572761007651,0.0004924002592032545,1748944214.7233577
2987,0.027470972388982773,-1.0819286108016968,0.0,1.3938463926315308,0.9347572761007651,0.0004923977335265868,1748944214.782223
2988,0.0307051669806242,-1.1858738660812378,0.0,1.2172133922576904,0.9347572761007651,0.0004923952078628741,1748944214.8412104
2989,0.025526076555252075,-0.9985148906707764,0.0,1.1654852628707886,0.9347572761007651,0.0004923926822121165,1748944214.9028676
2990,0.03666107729077339,-1.2733941078186035,0.0,1.7463624477386475,0.9347572761007651,0.0004923901565743136,1748944214.964441
2991,0.04264812171459198,-1.0261939764022827,0.0,1.9148160219192505,0.9347572761007651,0.0004923876309494655,1748944215.0242171
2992,0.031252920627593994,-1.006987452507019,0.0,1.6940420866012573,0.9347572761007651,0.0004923851053375721,1748944215.0853708
2993,0.033209428191185,-0.8591175079345703,0.0,1.2315394878387451,0.9347572761007651,0.0004923825797386334,1748944215.1481357
2994,0.025036588311195374,-0.9704981446266174,0.0,0.8656548857688904,0.9347572761007651,0.0004923800541526493,1748944215.206594
2995,0.03045133501291275,-0.9292730689048767,0.0,1.283318042755127,0.9347572761007651,0.0004923775285796197,1748944215.2654154
2996,0.035616323351860046,-0.944034218788147,0.0,1.3061530590057373,0.9347572761007651,0.0004923750030195447,1748944215.3252652
2997,0.055406030267477036,-1.038969874382019,0.0,1.9523956775665283,0.9347572761007651,0.0004923724774724239,1748944215.390119
2998,0.0238797590136528,-0.959316074848175,0.0,1.8847378492355347,0.9347572761007651,0.0004923699519382576,1748944215.4486291
2999,0.02020258828997612,-1.129778265953064,0.0,0.9191344380378723,0.9347572761007651,0.0004923674264170455,1748944215.5067718
3000,0.03989613428711891,-0.8987518548965454,0.0,1.9959467649459839,0.9347572761007651,0.0004923649009087876,1748944215.5656505
3001,0.03868677467107773,-0.9564640522003174,0.0,1.3982309103012085,0.9347572761007651,0.0004923623754134838,1748944215.6266732
3002,0.0417637825012207,-1.2480649948120117,0.0,1.3411153554916382,0.9347572761007651,0.000492359849931134,1748944215.690809
3003,0.055411942303180695,-1.0229308605194092,0.0,1.5802404880523682,0.9347572761007651,0.0004923573244617383,1748944215.7493372
3004,0.04208642989397049,-1.1402759552001953,0.0,1.3109288215637207,0.9347572761007651,0.0004923547990052965,1748944215.8090124
3005,0.05112410709261894,-1.0540715456008911,0.0,1.4633448123931885,0.9347572761007651,0.0004923522735618087,1748944215.8700535
3006,0.044057250022888184,-1.1012929677963257,0.0,2.0854978561401367,0.9347572761007651,0.0004923497481312745,1748944215.9324634
3007,0.03860516846179962,-1.1324384212493896,0.0,2.3598556518554688,0.9347572761007651,0.0004923472227136941,1748944215.9951754
3008,0.04199869930744171,-1.4333388805389404,0.0,1.4459800720214844,0.9347572761007651,0.0004923446973090673,1748944216.056977
3009,0.03883548825979233,-1.114729404449463,0.0,1.3791723251342773,0.9347572761007651,0.0004923421719173943,1748944216.1150744
3010,1.5511119365692139,-1.1429710388183594,0.0,1.6835746765136719,0.9347572761007651,0.0004923396465386745,1748944216.1757116
3011,0.04358935356140137,-1.2231346368789673,0.0,1.545753836631775,0.9347572761007651,0.0004923371211729084,1748944216.2407815
3012,0.03135138005018234,-0.9875423908233643,0.0,1.9791958332061768,0.9347572761007651,0.0004923345958200957,1748944216.300674
3013,0.03573590889573097,-1.2580008506774902,0.0,1.4691261053085327,0.9347572761007651,0.0004923320704802363,1748944216.3626947
3014,0.03575468808412552,-1.1338419914245605,0.0,1.0480730533599854,0.9347572761007651,0.0004923295451533301,1748944216.4226165
3015,0.045206643640995026,-0.970197856426239,0.0,1.7376197576522827,0.9347572761007651,0.0004923270198393773,1748944216.4830618
3016,0.040539130568504333,-1.490574836730957,0.0,1.6674060821533203,0.9347572761007651,0.0004923244945383775,1748944216.5423322
3017,0.04378902167081833,-1.393068552017212,0.0,3.568887948989868,0.9347572761007651,0.0004923219692503307,1748944216.6028893
3018,0.05380159616470337,-1.3789680004119873,0.0,2.026632070541382,0.9347572761007651,0.000492319443975237,1748944216.6650116
3019,0.038961753249168396,-1.2221472263336182,0.0,1.454017162322998,0.9347572761007651,0.0004923169187130962,1748944216.7233949
3020,0.043399933725595474,-1.0393338203430176,0.0,1.3408129215240479,0.9347572761007651,0.0004923143934639083,1748944216.7832174
3021,0.04740779846906662,-1.0479998588562012,0.0,2.310154676437378,0.9347572761007651,0.0004923118682276732,1748944216.842435
3022,0.053420037031173706,-0.8224802613258362,0.0,1.8774096965789795,0.9347572761007651,0.0004923093430043908,1748944216.9080498
3023,0.04330085217952728,-0.9444407820701599,0.0,3.1416594982147217,0.9347572761007651,0.000492306817794061,1748944216.970123
3024,0.048571519553661346,-1.0588701963424683,0.0,2.6541974544525146,0.9347572761007651,0.0004923042925966839,1748944217.03184
3025,0.04646371304988861,-1.2509620189666748,0.0,2.261547565460205,0.9347572761007651,0.0004923017674122593,1748944217.0908792
3026,0.04079087823629379,-1.1848397254943848,0.0,2.1945443153381348,0.9347572761007651,0.0004922992422407872,1748944217.152977
3027,0.04524018615484238,-1.2313525676727295,0.0,2.0260305404663086,0.9347572761007651,0.0004922967170822675,1748944217.2153633
3028,0.057966701686382294,-1.325272560119629,0.0,2.6356148719787598,0.9347572761007651,0.0004922941919367001,1748944217.2735882
3029,0.05022510141134262,-1.1094876527786255,0.0,2.078624725341797,0.9347572761007651,0.000492291666804085,1748944217.3327708
3030,0.03678304702043533,-1.0718357563018799,0.0,1.5734330415725708,0.9347572761007651,0.0004922891416844221,1748944217.391178
3031,0.04213777184486389,-1.040851354598999,0.0,1.8066078424453735,0.9347572761007651,0.0004922866165777114,1748944217.451022
3032,0.058043792843818665,-1.1513919830322266,0.0,2.9865777492523193,0.9347572761007651,0.0004922840914839526,1748944217.5122118
3033,0.04082559794187546,-1.1745352745056152,0.0,2.4354500770568848,0.9347572761007651,0.000492281566403146,1748944217.574507
3034,0.06700310111045837,-1.1034038066864014,0.0,3.352100372314453,0.9347572761007651,0.0004922790413352912,1748944217.6338227
3035,0.04153012856841087,-1.3052842617034912,0.0,1.5952744483947754,0.9347572761007651,0.0004922765162803884,1748944217.693104
3036,0.035819198936223984,-1.0586053133010864,0.0,2.544509172439575,0.9347572761007651,0.0004922739912384372,1748944217.7555647
3037,0.05843602120876312,-1.2330185174942017,0.0,2.6417953968048096,0.9347572761007651,0.0004922714662094379,1748944217.8154733
3038,0.044300325214862823,-1.3548853397369385,0.0,2.165853261947632,0.9347572761007651,0.0004922689411933903,1748944217.8746734
3039,0.05565372109413147,-0.9459915161132812,0.0,2.5000827312469482,0.9347572761007651,0.0004922664161902942,1748944217.935534
3040,0.03681168332695961,-1.4404480457305908,0.0,1.5027083158493042,0.9347572761007651,0.0004922638912001496,1748944217.9976206
3041,0.04437345638871193,-0.9475840926170349,0.0,2.6874842643737793,0.9347572761007651,0.0004922613662229566,1748944218.0587146
3042,0.032920144498348236,-0.878298282623291,0.0,0.9349076747894287,0.9347572761007651,0.000492258841258715,1748944218.1210299
3043,0.05948580056428909,-1.2964540719985962,0.0,2.7954745292663574,0.9347572761007651,0.0004922563163074247,1748944218.1818295
3044,0.06964251399040222,-1.129092812538147,0.0,3.166670322418213,0.9347572761007651,0.0004922537913690857,1748944218.2408
3045,0.05164726823568344,-0.8972679972648621,0.0,3.079655170440674,0.9347572761007651,0.0004922512664436979,1748944218.2986763
3046,0.045547474175691605,-1.2252907752990723,0.0,2.595163345336914,0.9347572761007651,0.0004922487415312612,1748944218.358894
3047,0.04038652405142784,-1.0636250972747803,0.0,1.977426528930664,0.9347572761007651,0.0004922462166317756,1748944218.419717
3048,1.533812403678894,-0.942355751991272,0.0,1.3481475114822388,0.9347572761007651,0.000492243691745241,1748944218.4821665
3049,0.03786487877368927,-1.070796251296997,0.0,1.3557671308517456,0.9347572761007651,0.0004922411668716574,1748944218.5406387
3050,0.05024796724319458,-1.1932263374328613,0.0,2.452169179916382,0.9347572761007651,0.0004922386420110246,1748944218.5989404
3051,0.0609731450676918,-1.2311840057373047,0.0,2.9234018325805664,0.9347572761007651,0.0004922361171633426,1748944218.6567078
3052,0.05700767785310745,-1.0938085317611694,0.0,1.684226155281067,0.9347572761007651,0.0004922335923286114,1748944218.714779
3053,0.044262900948524475,-1.1141002178192139,0.0,2.307229518890381,0.9347572761007651,0.0004922310675068308,1748944218.7742124
3054,0.042886458337306976,-1.2580978870391846,0.0,1.9314285516738892,0.9347572761007651,0.0004922285426980008,1748944218.8334398
3055,0.02969782054424286,-1.2236950397491455,0.0,1.4935685396194458,0.9347572761007651,0.0004922260179021215,1748944218.8932214
3056,0.05837485194206238,-0.9553091526031494,0.0,3.590670585632324,0.9347572761007651,0.0004922234931191926,1748944218.9569478
3057,0.038456786423921585,-1.1358860731124878,0.0,1.8574130535125732,0.9347572761007651,0.0004922209683492141,1748944219.0151207
3058,0.03825538605451584,-1.0202207565307617,0.0,1.1370514631271362,0.9347572761007651,0.0004922184435921859,1748944219.0746183
3059,0.05929936096072197,-1.0078043937683105,0.0,2.0195436477661133,0.9347572761007651,0.000492215918848108,1748944219.1355062
3060,0.05029745399951935,-1.225018858909607,0.0,2.437255859375,0.9347572761007651,0.0004922133941169804,1748944219.198995
3061,0.053489990532398224,-1.297282338142395,0.0,2.999678373336792,0.9347572761007651,0.0004922108693988028,1748944219.257951
3062,0.04451054707169533,-1.0467439889907837,0.0,2.0524606704711914,0.9347572761007651,0.0004922083446935754,1748944219.319975
3063,0.04411138594150543,-1.00959312915802,0.0,1.405287504196167,0.9347572761007651,0.0004922058200012979,1748944219.3828542
3064,0.05593220517039299,-1.112769365310669,0.0,3.034031867980957,0.9347572761007651,0.0004922032953219704,1748944219.4423559
3065,0.06467463076114655,-0.9908348321914673,0.0,3.5996038913726807,0.9347572761007651,0.0004922007706555929,1748944219.5056934
3066,0.0507480688393116,-0.7328202724456787,0.0,1.9111934900283813,0.9347572761007651,0.000492198246002165,1748944219.5707517
3067,0.03580503910779953,-0.9543509483337402,0.0,1.5542925596237183,0.9347572761007651,0.0004921957213616869,1748944219.6318855
3068,0.044661398977041245,-1.0519828796386719,0.0,1.8630326986312866,0.9347572761007651,0.0004921931967341586,1748944219.6915991
3069,1.543555498123169,-1.3115675449371338,0.0,2.1922123432159424,0.9347572761007651,0.0004921906721195798,1748944219.7531023
3070,0.053823165595531464,-1.211026906967163,0.0,2.929056167602539,0.9347572761007651,0.0004921881475179505,1748944219.8152924
3071,0.056800954043865204,-1.0701091289520264,0.0,2.5925629138946533,0.9347572761007651,0.0004921856229292708,1748944219.8740182
3072,0.05128083378076553,-1.0658280849456787,0.0,2.734462261199951,0.9347572761007651,0.0004921830983535406,1748944219.9342546
3073,0.047281935811042786,-1.1306891441345215,0.0,2.0972909927368164,0.9347572761007651,0.0004921805737907595,1748944219.9979205
3074,0.0311567522585392,-1.1846131086349487,0.0,1.5474556684494019,0.9347572761007651,0.0004921780492409278,1748944220.05888
3075,0.053084686398506165,-0.9145764708518982,0.0,2.779763698577881,0.9347572761007651,0.0004921755247040454,1748944220.1197598
3076,0.04623238742351532,-1.1188769340515137,0.0,1.7852438688278198,0.9347572761007651,0.000492173000180112,1748944220.1819248
3077,0.04064459353685379,-1.0410490036010742,0.0,2.31191086769104,0.9347572761007651,0.0004921704756691278,1748944220.2406878
3078,0.05381542444229126,-0.9938633441925049,0.0,2.672070026397705,0.9347572761007651,0.0004921679511710926,1748944220.2982454
3079,0.033863626420497894,-0.9240877628326416,0.0,1.2375061511993408,0.9347572761007651,0.0004921654266860062,1748944220.356711
3080,0.03585563972592354,-1.1204628944396973,0.0,1.6711944341659546,0.9347572761007651,0.0004921629022138688,1748944220.4181194
3081,0.04370332136750221,-0.9813032746315002,0.0,2.3076725006103516,0.9347572761007651,0.0004921603777546802,1748944220.4780934
3082,1.54829740524292,-1.349755048751831,0.0,1.6704593896865845,0.9347572761007651,0.0004921578533084404,1748944220.5396805
3083,0.0486472025513649,-1.0814905166625977,0.0,1.6813327074050903,0.9347572761007651,0.0004921553288751492,1748944220.598806
3084,0.03984173387289047,-0.9997450709342957,0.0,1.6098724603652954,0.9347572761007651,0.0004921528044548066,1748944220.6619725
3085,0.04247277230024338,-1.223500370979309,0.0,2.487708806991577,0.9347572761007651,0.0004921502800474127,1748944220.723951
3086,0.049476638436317444,-1.2401782274246216,0.0,1.9330958127975464,0.9347572761007651,0.0004921477556529671,1748944220.7824047
3087,0.06047017127275467,-1.0560719966888428,0.0,1.7052671909332275,0.9347572761007651,0.0004921452312714701,1748944220.8417773
3088,0.05119117349386215,-1.2341058254241943,0.0,2.6569368839263916,0.9347572761007651,0.0004921427069029214,1748944220.9044197
3089,0.038069456815719604,-1.0071576833724976,0.0,2.435324192047119,0.9347572761007651,0.0004921401825473209,1748944220.9657865
3090,0.05710301175713539,-1.118679165840149,0.0,4.083623886108398,0.9347572761007651,0.0004921376582046686,1748944221.024773
3091,0.03302374109625816,-1.0156309604644775,0.0,1.4981247186660767,0.9347572761007651,0.0004921351338749646,1748944221.0878654
3092,0.045146651566028595,-1.2265515327453613,0.0,2.248070001602173,0.9347572761007651,0.0004921326095582086,1748944221.1491823
3093,0.04197688400745392,-0.9531334042549133,0.0,1.726670265197754,0.9347572761007651,0.0004921300852544006,1748944221.2075813
3094,0.04360600560903549,-1.0114917755126953,0.0,2.7281243801116943,0.9347572761007651,0.0004921275609635406,1748944221.2650828
3095,0.037173379212617874,-1.1821253299713135,0.0,1.5134642124176025,0.9347572761007651,0.0004921250366856284,1748944221.3296494
3096,0.029724158346652985,-1.3287277221679688,0.0,1.4122737646102905,0.9347572761007651,0.0004921225124206641,1748944221.3901708
3097,1.5505369901657104,-0.7521799802780151,0.0,2.618572473526001,0.9347572761007651,0.0004921199881686476,1748944221.449629
3098,0.051167212426662445,-1.126136302947998,0.0,2.9902374744415283,0.9347572761007651,0.0004921174639295787,1748944221.5086527
3099,0.03969372436404228,-1.1262743473052979,0.0,2.7064929008483887,0.9347572761007651,0.0004921149397034574,1748944221.5706503
3100,0.04616125300526619,-1.233799695968628,0.0,2.039125919342041,0.9347572761007651,0.0004921124154902837,1748944221.6322646
3101,0.039467692375183105,-0.8948018550872803,0.0,2.196326494216919,0.9347572761007651,0.0004921098912900575,1748944221.690606
3102,0.044070761650800705,-1.1712360382080078,0.0,2.120866537094116,0.9347572761007651,0.0004921073671027786,1748944221.7489033
3103,0.055118124932050705,-1.1027518510818481,0.0,4.101304531097412,0.9347572761007651,0.0004921048429284472,1748944221.8097074
3104,0.04296160489320755,-0.9946644306182861,0.0,1.798203468322754,0.9347572761007651,0.0004921023187670631,1748944221.8736596
3105,0.05865364521741867,-1.2134950160980225,0.0,2.0861189365386963,0.9347572761007651,0.0004920997946186262,1748944221.9325192
3106,1.5751060247421265,-0.8596176505088806,0.0,3.9181785583496094,0.9347572761007651,0.0004920972704831364,1748944221.989905
3107,0.034917764365673065,-0.8842630386352539,0.0,2.0628907680511475,0.9347572761007651,0.0004920947463605937,1748944222.049245
3108,0.04779587313532829,-1.1072890758514404,0.0,2.627957344055176,0.9347572761007651,0.0004920922222509981,1748944222.111198
3109,0.04537476971745491,-1.018446922302246,0.0,1.972548007965088,0.9347572761007651,0.0004920896981543492,1748944222.1736271
3110,0.05408062785863876,-1.1296504735946655,0.0,2.029594898223877,0.9347572761007651,0.0004920871740706475,1748944222.2319815
3111,0.0665929764509201,-1.150925874710083,0.0,4.026723861694336,0.9347572761007651,0.0004920846499998925,1748944222.29487
3112,0.028470823541283607,-1.1997077465057373,0.0,1.619945764541626,0.9347572761007651,0.0004920821259420843,1748944222.355496
3113,0.05442449077963829,-0.9176220297813416,0.0,2.4851016998291016,0.9347572761007651,0.0004920796018972227,1748944222.4154816
3114,0.051547568291425705,-0.7955109477043152,0.0,2.39797043800354,0.9347572761007651,0.0004920770778653078,1748944222.475521
3115,0.036550626158714294,-0.9288580417633057,0.0,1.9913617372512817,0.9347572761007651,0.0004920745538463395,1748944222.5371313
3116,0.052125342190265656,-0.9635691046714783,0.0,2.6408042907714844,0.9347572761007651,0.0004920720298403176,1748944222.5989366
3117,0.038051240146160126,-0.9641103744506836,0.0,2.966787815093994,0.9347572761007651,0.0004920695058472422,1748944222.6582067
3118,0.043735112994909286,-1.0019797086715698,0.0,3.3128714561462402,0.9347572761007651,0.000492066981867113,1748944222.719003
3119,0.040838293731212616,-1.2477853298187256,0.0,2.0798490047454834,0.9347572761007651,0.0004920644578999302,1748944222.7819903
3120,0.04332682490348816,-1.1616714000701904,0.0,2.8856940269470215,0.9347572761007651,0.0004920619339456937,1748944222.840909
3121,0.054472409188747406,-1.0174999237060547,0.0,2.3693768978118896,0.9347572761007651,0.0004920594100044032,1748944222.901166
3122,0.03768385946750641,-1.0188267230987549,0.0,1.9564285278320312,0.9347572761007651,0.0004920568860760589,1748944222.9619005
3123,0.04588097333908081,-0.9851208925247192,0.0,2.1487019062042236,0.9347572761007651,0.0004920543621606606,1748944223.0246599
3124,0.05314669385552406,-1.0744128227233887,0.0,2.1702396869659424,0.9347572761007651,0.0004920518382582084,1748944223.0880978
3125,0.06694585084915161,-1.2188162803649902,0.0,3.288130521774292,0.9347572761007651,0.0004920493143687019,1748944223.1488507
3126,0.037882912904024124,-0.9972566366195679,0.0,1.2953587770462036,0.9347572761007651,0.0004920467904921413,1748944223.207282
3127,0.04784412682056427,-1.170222520828247,0.0,2.879000425338745,0.9347572761007651,0.0004920442666285264,1748944223.2654412
3128,0.04554836452007294,-1.162642240524292,0.0,1.5430635213851929,0.9347572761007651,0.0004920417427778573,1748944223.3244612
3129,0.05065217241644859,-1.3451921939849854,0.0,1.6717740297317505,0.9347572761007651,0.0004920392189401337,1748944223.386724
3130,0.0414695106446743,-1.276792287826538,0.0,2.0263564586639404,0.9347572761007651,0.0004920366951153558,1748944223.449009
3131,0.0376216396689415,-1.3643903732299805,0.0,1.8840807676315308,0.9347572761007651,0.0004920341713035234,1748944223.5089805
3132,0.043681759387254715,-0.9813699722290039,0.0,2.197514772415161,0.9347572761007651,0.0004920316475046363,1748944223.5710225
3133,0.039894141256809235,-1.1266416311264038,0.0,1.449517011642456,0.9347572761007651,0.0004920291237186946,1748944223.6316025
3134,0.04138155281543732,-1.1088547706604004,0.0,1.5864325761795044,0.9347572761007651,0.0004920265999456983,1748944223.6909778
3135,1.5412859916687012,-0.8685139417648315,0.0,2.061537027359009,0.9347572761007651,0.0004920240761856471,1748944223.749192
3136,0.03635963425040245,-1.0903232097625732,0.0,1.784420132637024,0.9347572761007651,0.000492021552438541,1748944223.8089042
3137,0.03409405052661896,-1.225894570350647,0.0,1.6721084117889404,0.9347572761007651,0.0004920190287043802,1748944223.8728564
3138,0.044472403824329376,-1.4329771995544434,0.0,1.649267554283142,0.9347572761007651,0.0004920165049831644,1748944223.9335463
3139,0.032597340643405914,-1.1672358512878418,0.0,1.6776684522628784,0.9347572761007651,0.0004920139812748934,1748944223.9957783
3140,0.04262309521436691,-1.1328158378601074,0.0,1.9397618770599365,0.9347572761007651,0.0004920114575795674,1748944224.057634
3141,0.03488624840974808,-1.3487708568572998,0.0,1.7534995079040527,0.9347572761007651,0.0004920089338971863,1748944224.115115
3142,0.03312688693404198,-0.9932619333267212,0.0,1.1090490818023682,0.9347572761007651,0.0004920064102277499,1748944224.1770308
3143,0.04079344868659973,-1.070815920829773,0.0,1.593862771987915,0.9347572761007651,0.0004920038865712582,1748944224.239791
3144,0.049426767975091934,-1.0823209285736084,0.0,2.083185911178589,0.9347572761007651,0.0004920013629277112,1748944224.2990997
3145,0.05622996762394905,-1.0427814722061157,0.0,2.1693737506866455,0.9347572761007651,0.0004919988392971086,1748944224.3577113
3146,0.038331739604473114,-0.8216325044631958,0.0,1.8818844556808472,0.9347572761007651,0.0004919963156794506,1748944224.4197476
3147,0.03850680962204933,-0.7931380271911621,0.0,1.4779160022735596,0.9347572761007651,0.0004919937920747371,1748944224.4819667
3148,0.041577234864234924,-1.1531567573547363,0.0,1.6463674306869507,0.9347572761007651,0.0004919912684829678,1748944224.5415483
3149,0.03237644210457802,-1.4204550981521606,0.0,1.1403818130493164,0.9347572761007651,0.000491988744904143,1748944224.6026454
3150,0.0395200289785862,-0.9509409070014954,0.0,3.297039270401001,0.9347572761007651,0.0004919862213382623,1748944224.6655338
3151,0.055692099034786224,-0.9684596061706543,0.0,2.850212812423706,0.9347572761007651,0.0004919836977853258,1748944224.724657
3152,0.031139960512518883,-1.332990050315857,0.0,1.9461771249771118,0.9347572761007651,0.0004919811742453334,1748944224.7868001
3153,0.03385376185178757,-0.7798513174057007,0.0,1.3905645608901978,0.9347572761007651,0.000491978650718285,1748944224.848725
3154,0.04246200621128082,-0.8083689212799072,0.0,3.231590509414673,0.9314503517197611,0.0004919761272041807,1748944224.906976
3155,0.038308195769786835,-0.9981591701507568,0.0,2.164832592010498,0.9314503517197611,0.0004919736037030201,1748944224.9677193
3156,0.041566651314496994,-1.0919475555419922,0.0,1.832183599472046,0.9314503517197611,0.0004919710802148036,1748944225.028281
3157,0.05372772365808487,-1.1149336099624634,0.0,2.416642665863037,0.9314503517197611,0.0004919685567395306,1748944225.0900447
3158,0.03697590157389641,-0.912793755531311,0.0,1.571591854095459,0.9314503517197611,0.0004919660332772015,1748944225.1488957
3159,0.045879460871219635,-1.2456369400024414,0.0,3.626133918762207,0.9314503517197611,0.0004919635098278158,1748944225.2088704
3160,0.05334001034498215,-0.9186971187591553,0.0,2.1849100589752197,0.9314503517197611,0.0004919609863913739,1748944225.2689352
3161,0.03367257118225098,-1.0847017765045166,0.0,3.2123801708221436,0.9314503517197611,0.0004919584629678754,1748944225.3289735
3162,0.08627314865589142,-1.003416895866394,0.0,3.106265068054199,0.9314503517197611,0.0004919559395573204,1748944225.3919628
3163,0.035312220454216,-0.9798569083213806,0.0,2.155369997024536,0.9314503517197611,0.0004919534161597087,1748944225.4526272
3164,0.04657873883843422,-0.9543455243110657,0.0,3.144091844558716,0.9314503517197611,0.0004919508927750403,1748944225.5150728
3165,1.558595895767212,-1.047694444656372,0.0,2.3168833255767822,0.9314503517197611,0.0004919483694033152,1748944225.573685
3166,0.03778218477964401,-1.039322018623352,0.0,2.10943603515625,0.9314503517197611,0.0004919458460445333,1748944225.6367474
3167,0.05216006189584732,-1.0999153852462769,0.0,2.3736205101013184,0.9314503517197611,0.0004919433226986944,1748944225.697799
3168,0.04353640228509903,-0.7740405797958374,0.0,2.209463119506836,0.9314503517197611,0.0004919407993657987,1748944225.756632
3169,1.5588977336883545,-0.724738597869873,0.0,1.4828660488128662,0.9314503517197611,0.0004919382760458458,1748944225.81527
3170,0.04574427753686905,-0.9799878597259521,0.0,2.4836771488189697,0.9314503517197611,0.0004919357527388359,1748944225.8748677
3171,0.05365389585494995,-1.2893235683441162,0.0,2.641122817993164,0.9314503517197611,0.0004919332294447688,1748944225.9345431
3172,0.03675508499145508,-0.9780429601669312,0.0,1.948386788368225,0.9314503517197611,0.0004919307061636444,1748944225.9954796
3173,0.03993820771574974,-1.192716121673584,0.0,2.05712890625,0.9314503517197611,0.0004919281828954629,1748944226.0577993
3174,0.03678768128156662,-1.291114091873169,0.0,2.1025173664093018,0.9314503517197611,0.0004919256596402239,1748944226.1169822
3175,0.041878826916217804,-1.042777180671692,0.0,1.756305456161499,0.9314503517197611,0.0004919231363979275,1748944226.1755717
3176,0.041582658886909485,-1.2123339176177979,0.0,1.7454737424850464,0.9314503517197611,0.0004919206131685736,1748944226.2369199
3177,0.03515614941716194,-1.1616382598876953,0.0,1.9701898097991943,0.9314503517197611,0.0004919180899521622,1748944226.2988343
3178,0.03227561339735985,-0.9828976988792419,0.0,1.737709403038025,0.9314503517197611,0.000491915566748693,1748944226.357869
3179,0.03816983476281166,-1.0092934370040894,0.0,1.7076232433319092,0.9314503517197611,0.0004919130435581663,1748944226.4177418
3180,1.565891981124878,-1.3373768329620361,0.0,2.5150184631347656,0.9314503517197611,0.0004919105203805817,1748944226.4801612
3181,0.04579106718301773,-1.2110378742218018,0.0,2.064178466796875,0.9314503517197611,0.0004919079972159395,1748944226.5404794
3182,0.05428888648748398,-0.9890893697738647,0.0,1.9890350103378296,0.9314503517197611,0.0004919054740642392,1748944226.5989544
3183,0.04455730691552162,-0.9963526725769043,0.0,1.4613754749298096,0.9314503517197611,0.0004919029509254809,1748944226.6576626
3184,0.041147615760564804,-1.516885757446289,0.0,2.3586480617523193,0.9314503517197611,0.0004919004277996648,1748944226.7153826
3185,0.04565180093050003,-1.3579163551330566,0.0,1.955302119255066,0.9314503517197611,0.0004918979046867905,1748944226.773407
3186,0.045096807181835175,-1.0365350246429443,0.0,2.0323197841644287,0.9314503517197611,0.000491895381586858,1748944226.8374825
3187,0.03240687772631645,-1.0662133693695068,0.0,1.6700506210327148,0.9314503517197611,0.0004918928584998674,1748944226.9018211
3188,0.040635667741298676,-1.013597011566162,0.0,1.5311998128890991,0.9314503517197611,0.0004918903354258183,1748944226.966528
3189,0.03989769518375397,-0.969594419002533,0.0,1.92841637134552,0.9314503517197611,0.0004918878123647111,1748944227.0259557
3190,0.048420488834381104,-0.9995690584182739,0.0,2.016690254211426,0.9314503517197611,0.0004918852893165453,1748944227.0887358
3191,0.05251721665263176,-0.8761584162712097,0.0,1.634116768836975,0.9314503517197611,0.0004918827662813211,1748944227.1500587
3192,1.5448908805847168,-1.1419774293899536,0.0,1.6706018447875977,0.9314503517197611,0.0004918802432590382,1748944227.2099752
3193,0.040241628885269165,-1.1516295671463013,0.0,2.137784242630005,0.9314503517197611,0.0004918777202496968,1748944227.27114
3194,0.04407235607504845,-1.112864375114441,0.0,2.652987003326416,0.9314503517197611,0.0004918751972532967,1748944227.3332736
3195,0.027096666395664215,-1.0133886337280273,0.0,1.6025969982147217,0.9314503517197611,0.0004918726742698378,1748944227.3953054
3196,0.04232464358210564,-1.228853702545166,0.0,1.9233531951904297,0.9314503517197611,0.0004918701512993202,1748944227.4579594
3197,0.02626367285847664,-0.8152853846549988,0.0,1.3509286642074585,0.9314503517197611,0.0004918676283417437,1748944227.518678
3198,0.03635793924331665,-1.0861642360687256,0.0,1.2883832454681396,0.9314503517197611,0.0004918651053971081,1748944227.5800796
3199,0.06054699793457985,-0.9343976974487305,0.0,2.816018581390381,0.9314503517197611,0.0004918625824654136,1748944227.6409833
3200,0.02932053804397583,-0.9035613536834717,0.0,1.236075758934021,0.9314503517197611,0.00049186005954666,1748944227.7019362
3201,0.03371303528547287,-0.807510495185852,0.0,1.443399429321289,0.9314503517197611,0.0004918575366408473,1748944227.7619586
3202,0.041658416390419006,-0.8938513398170471,0.0,1.520743489265442,0.9314503517197611,0.0004918550137479752,1748944227.8235724
3203,0.03233781456947327,-1.051476001739502,0.0,1.68276846408844,0.9314503517197611,0.000491852490868044,1748944227.8820164
3204,0.02990666776895523,-1.2266035079956055,0.0,2.289799451828003,0.9314503517197611,0.0004918499680010534,1748944227.9465559
3205,0.02828335575759411,-0.9591832160949707,0.0,1.7315161228179932,0.9314503517197611,0.0004918474451470033,1748944228.007957
3206,0.056330740451812744,-1.33347749710083,0.0,2.6845991611480713,0.9314503517197611,0.0004918449223058937,1748944228.0678983
3207,0.02916756458580494,-0.998845100402832,0.0,1.5907483100891113,0.9314503517197611,0.0004918423994777247,1748944228.1286988
3208,0.03705986589193344,-0.9906163811683655,0.0,2.622205972671509,0.9314503517197611,0.0004918398766624961,1748944228.1900027
3209,0.03141527622938156,-1.0881434679031372,0.0,1.6215200424194336,0.9314503517197611,0.0004918373538602077,1748944228.2483246
3210,0.036532334983348846,-0.9779359102249146,0.0,1.9290316104888916,0.9314503517197611,0.0004918348310708596,1748944228.3076134
3211,0.02823907881975174,-1.1508257389068604,0.0,1.4826936721801758,0.9314503517197611,0.0004918323082944516,1748944228.3691957
3212,0.02774583175778389,-1.1867457628250122,0.0,1.494005799293518,0.9314503517197611,0.0004918297855309837,1748944228.4311507
3213,0.03394071012735367,-0.8867926597595215,0.0,1.1931971311569214,0.9314503517197611,0.000491827262780456,1748944228.4905896
3214,0.027962975203990936,-0.8722107410430908,0.0,1.7481423616409302,0.9314503517197611,0.0004918247400428682,1748944228.552625
3215,0.04945508763194084,-1.18095064163208,0.0,2.258976459503174,0.9314503517197611,0.0004918222173182204,1748944228.6145263
3216,0.04063831642270088,-0.9166327714920044,0.0,2.3355965614318848,0.9314503517197611,0.0004918196946065124,1748944228.673589
3217,0.036287322640419006,-1.0943422317504883,0.0,1.2527824640274048,0.9314503517197611,0.0004918171719077442,1748944228.7312207
3218,0.048173047602176666,-1.1614539623260498,0.0,2.394320011138916,0.9314503517197611,0.0004918146492219156,1748944228.789842
3219,0.04495180398225784,-1.178755760192871,0.0,3.8311896324157715,0.9314503517197611,0.0004918121265490268,1748944228.8499684
3220,0.030635595321655273,-1.2200038433074951,0.0,1.6339045763015747,0.9314503517197611,0.0004918096038890775,1748944228.9091687
3221,0.04058638587594032,-1.1376066207885742,0.0,2.962219476699829,0.9314503517197611,0.0004918070812420678,1748944228.972988
3222,0.03765726089477539,-1.0823338031768799,0.0,2.164194107055664,0.9314503517197611,0.0004918045586079975,1748944229.032862
3223,0.04564829543232918,-0.8668795824050903,0.0,3.12229323387146,0.9314503517197611,0.0004918020359868666,1748944229.095207
3224,0.03705884516239166,-0.8562001585960388,0.0,2.222543478012085,0.9314503517197611,0.0004917995133786751,1748944229.156994
3225,0.028966398909687996,-1.119117259979248,0.0,1.5586427450180054,0.9314503517197611,0.0004917969907834227,1748944229.2166297
3226,0.033503852784633636,-0.9756212830543518,0.0,3.1354148387908936,0.9314503517197611,0.0004917944682011095,1748944229.2750368
3227,0.04600603133440018,-1.1415526866912842,0.0,2.4681901931762695,0.9314503517197611,0.0004917919456317356,1748944229.342288
3228,0.02593289315700531,-0.7858774662017822,0.0,1.6191576719284058,0.9314503517197611,0.0004917894230753006,1748944229.4052782
3229,0.03219293802976608,-1.1413216590881348,0.0,1.5602294206619263,0.9314503517197611,0.0004917869005318046,1748944229.463964
3230,1.5643384456634521,-1.1259829998016357,0.0,2.111109733581543,0.9314503517197611,0.0004917843780012476,1748944229.5202637
3231,0.03214426338672638,-1.1461942195892334,0.0,2.0608503818511963,0.9314503517197611,0.0004917818554836294,1748944229.577496
3232,0.05221967399120331,-0.9709774851799011,0.0,2.2656445503234863,0.9314503517197611,0.0004917793329789501,1748944229.6335013
3233,0.03658862039446831,-1.041466474533081,0.0,1.7115260362625122,0.9314503517197611,0.0004917768104872093,1748944229.6907845
3234,0.07411941885948181,-1.0062975883483887,0.0,2.322718381881714,0.9314503517197611,0.0004917742880084073,1748944229.748026
3235,0.052103154361248016,-1.1675965785980225,0.0,2.265124559402466,0.9314503517197611,0.000491771765542544,1748944229.804999
3236,0.04394224286079407,-1.205962896347046,0.0,2.042771816253662,0.9314503517197611,0.000491769243089619,1748944229.8633268
3237,0.03969684988260269,-0.952175498008728,0.0,2.5328710079193115,0.9314503517197611,0.0004917667206496327,1748944229.92196
3238,0.03824914991855621,-1.2473227977752686,0.0,1.4287683963775635,0.9314503517197611,0.0004917641982225845,1748944229.9783454
3239,0.03041743114590645,-1.0740408897399902,0.0,1.0953712463378906,0.9314503517197611,0.0004917616758084749,1748944230.0369494
3240,0.02981526404619217,-1.2488746643066406,0.0,1.5151636600494385,0.9314503517197611,0.0004917591534073034,1748944230.0943794
3241,0.04181338846683502,-1.290607213973999,0.0,2.1497206687927246,0.9314503517197611,0.0004917566310190701,1748944230.1517715
3242,0.027109798043966293,-0.8159247636795044,0.0,1.3115594387054443,0.9314503517197611,0.000491754108643775,1748944230.2101288
3243,0.06634453684091568,-1.109994888305664,0.0,3.3567068576812744,0.9314503517197611,0.000491751586281418,1748944230.2663703
3244,0.04357850179076195,-1.2347278594970703,0.0,1.7421375513076782,0.9314503517197611,0.0004917490639319988,1748944230.3241785
3245,0.04867875203490257,-1.1350231170654297,0.0,3.1659576892852783,0.9314503517197611,0.0004917465415955177,1748944230.3797934
3246,0.043023817241191864,-1.2843260765075684,0.0,2.959540843963623,0.9314503517197611,0.0004917440192719743,1748944230.4375763
3247,0.04845951870083809,-1.155716896057129,0.0,1.6902719736099243,0.9314503517197611,0.0004917414969613688,1748944230.4934082
3248,0.06028676778078079,-1.050671935081482,0.0,2.4388468265533447,0.9314503517197611,0.0004917389746637011,1748944230.5507922
3249,0.059849679470062256,-1.140389084815979,0.0,3.3018693923950195,0.9314503517197611,0.000491736452378971,1748944230.6064904
3250,0.029196130111813545,-0.9093698263168335,0.0,1.8973727226257324,0.9314503517197611,0.0004917339301071785,1748944230.6640851
3251,0.029190804809331894,-1.2750366926193237,0.0,1.070243239402771,0.9314503517197611,0.0004917314078483235,1748944230.7202654
3252,0.03455458581447601,-0.9844673871994019,0.0,1.598346471786499,0.9314503517197611,0.0004917288856024061,1748944230.777798
3253,0.034515440464019775,-0.6381680965423584,0.0,1.9153869152069092,0.9314503517197611,0.0004917263633694259,1748944230.8341424
3254,0.044208936393260956,-1.073214054107666,0.0,2.5270845890045166,0.9314503517197611,0.0004917238411493831,1748944230.8907459
3255,1.5396838188171387,-0.9791164398193359,0.0,1.9136104583740234,0.9314503517197611,0.0004917213189422775,1748944230.9481564
3256,0.03669625520706177,-1.0652896165847778,0.0,1.3371838331222534,0.9314503517197611,0.0004917187967481093,1748944231.0053124
3257,0.0386732742190361,-1.245826244354248,0.0,1.9476994276046753,0.9314503517197611,0.000491716274566878,1748944231.0621321
3258,0.031039278954267502,-1.00043523311615,0.0,1.9232313632965088,0.9314503517197611,0.0004917137523985839,1748944231.1192024
3259,0.03960023820400238,-1.0995060205459595,0.0,1.6857249736785889,0.9314503517197611,0.0004917112302432268,1748944231.175886
3260,0.02265118807554245,-1.0093224048614502,0.0,1.1305817365646362,0.9314503517197611,0.0004917087081008066,1748944231.2340288
3261,0.039428167045116425,-1.1633193492889404,0.0,1.6160945892333984,0.9314503517197611,0.0004917061859713233,1748944231.2896607
3262,0.05072819069027901,-0.8555455207824707,0.0,1.860350251197815,0.9314503517197611,0.0004917036638547767,1748944231.3459282
3263,0.04356692358851433,-1.0316637754440308,0.0,2.0591626167297363,0.9314503517197611,0.0004917011417511669,1748944231.4031594
3264,0.03859058395028114,-1.0825620889663696,0.0,2.3213980197906494,0.9314503517197611,0.0004916986196604938,1748944231.4590502
3265,0.03542175143957138,-0.8363437652587891,0.0,2.522291898727417,0.9314503517197611,0.0004916960975827573,1748944231.5155563
3266,0.025956621393561363,-1.1154286861419678,0.0,1.025661587715149,0.9314503517197611,0.0004916935755179573,1748944231.571553
3267,0.045875705778598785,-1.295830488204956,0.0,2.5084822177886963,0.9314503517197611,0.0004916910534660938,1748944231.6298485
3268,0.04563421756029129,-0.9907102584838867,0.0,2.3915648460388184,0.9314503517197611,0.0004916885314271666,1748944231.6870155
3269,0.04055327922105789,-1.1329660415649414,0.0,1.898374319076538,0.9314503517197611,0.0004916860094011759,1748944231.7442706
3270,0.04185819998383522,-1.2183797359466553,0.0,2.6229770183563232,0.9314503517197611,0.0004916834873881213,1748944231.800694
3271,0.0483986996114254,-0.9118468761444092,0.0,3.539696216583252,0.9314503517197611,0.000491680965388003,1748944231.8565996
3272,0.027657434344291687,-1.1233031749725342,0.0,1.5624055862426758,0.9314503517197611,0.0004916784434008208,1748944231.9142299
3273,0.052428413182497025,-0.9731286764144897,0.0,2.083768606185913,0.9314503517197611,0.0004916759214265747,1748944231.9711385
3274,0.037686221301555634,-1.1330779790878296,0.0,3.6518197059631348,0.9314503517197611,0.0004916733994652646,1748944232.027638
3275,0.040455788373947144,-0.999029278755188,0.0,1.9459301233291626,0.9314503517197611,0.0004916708775168905,1748944232.0853155
3276,0.04415411502122879,-1.1330435276031494,0.0,2.4160563945770264,0.9314503517197611,0.0004916683555814521,1748944232.1420789
3277,0.031559038907289505,-1.1410576105117798,0.0,1.3647332191467285,0.9314503517197611,0.0004916658336589497,1748944232.1988137
3278,0.05519932135939598,-1.3282756805419922,0.0,3.493457794189453,0.9314503517197611,0.0004916633117493829,1748944232.255698
3279,0.041634805500507355,-1.1467258930206299,0.0,2.852447032928467,0.9314503517197611,0.0004916607898527518,1748944232.3117447
3280,0.04286433756351471,-1.340550422668457,0.0,2.4138526916503906,0.9314503517197611,0.0004916582679690563,1748944232.3689091
3281,0.043310027569532394,-1.182861089706421,0.0,1.6273878812789917,0.9314503517197611,0.0004916557460982963,1748944232.4249349
3282,0.038993172347545624,-0.8886381983757019,0.0,3.5905253887176514,0.9314503517197611,0.0004916532242404719,1748944232.482788
3283,0.036107879132032394,-1.0814505815505981,0.0,1.686942219734192,0.9314503517197611,0.0004916507023955828,1748944232.5399208
3284,0.04227139800786972,-1.1351323127746582,0.0,1.3142499923706055,0.9314503517197611,0.0004916481805636291,1748944232.5969465
3285,0.025529894977808,-1.1476143598556519,0.0,1.5153000354766846,0.9314503517197611,0.0004916456587446107,1748944232.653194
3286,0.03786679357290268,-1.1503970623016357,0.0,1.396233320236206,0.9314503517197611,0.0004916431369385274,1748944232.7105749
3287,0.027912266552448273,-1.013197422027588,0.0,1.5593677759170532,0.9314503517197611,0.0004916406151453793,1748944232.7675366
3288,0.049787841737270355,-1.080174207687378,0.0,2.189401626586914,0.9314503517197611,0.0004916380933651663,1748944232.824917
3289,0.04051228240132332,-0.8906049728393555,0.0,1.9865049123764038,0.9314503517197611,0.0004916355715978882,1748944232.8821335
3290,1.552597165107727,-1.0450456142425537,0.0,2.1151347160339355,0.9314503517197611,0.0004916330498435452,1748944232.9395845
3291,0.03538968041539192,-1.0552458763122559,0.0,1.8353855609893799,0.9314503517197611,0.000491630528102137,1748944232.9958122
3292,0.030485736206173897,-1.2293668985366821,0.0,2.4442265033721924,0.9314503517197611,0.0004916280063736636,1748944233.0524583
3293,0.0277244970202446,-0.7986072301864624,0.0,0.9573009610176086,0.9314503517197611,0.0004916254846581249,1748944233.1086512
3294,0.035616353154182434,-0.9987837076187134,0.0,1.9214394092559814,0.9314503517197611,0.0004916229629555209,1748944233.1648197
3295,0.033585116267204285,-1.0786323547363281,0.0,1.70730721950531,0.9314503517197611,0.0004916204412658516,1748944233.222075
3296,0.03849394619464874,-1.17191481590271,0.0,2.2211668491363525,0.9314503517197611,0.0004916179195891167,1748944233.2823012
3297,0.0398215726017952,-0.9851176738739014,0.0,2.2326807975769043,0.9314503517197611,0.0004916153979253164,1748944233.3392947
3298,0.03744082525372505,-0.9271191358566284,0.0,1.2650716304779053,0.9314503517197611,0.0004916128762744505,1748944233.3965843
3299,0.03464723378419876,-1.0915801525115967,0.0,1.3742698431015015,0.9314503517197611,0.0004916103546365189,1748944233.452768
3300,0.04754692688584328,-1.459827184677124,0.0,2.2228448390960693,0.9314503517197611,0.0004916078330115217,1748944233.5108104
3301,0.029784057289361954,-0.9803836345672607,0.0,1.9462695121765137,0.9314503517197611,0.0004916053113994585,1748944233.5674033
3302,0.031255390495061874,-0.878936767578125,0.0,1.749999761581421,0.9314503517197611,0.0004916027898003296,1748944233.6235924
3303,0.048687469214200974,-1.0595102310180664,0.0,1.920768141746521,0.9314503517197611,0.0004916002682141347,1748944233.6815987
3304,0.04987474903464317,-0.9891058206558228,0.0,2.201840400695801,0.9314503517197611,0.0004915977466408739,1748944233.737818
3305,0.03025784343481064,-0.9745357036590576,0.0,1.1351451873779297,0.9314503517197611,0.0004915952250805469,1748944233.7943833
3306,0.04761370271444321,-1.16028892993927,0.0,2.1250081062316895,0.9314503517197611,0.0004915927035331539,1748944233.8506222
3307,0.039206746965646744,-1.0662426948547363,0.0,2.0427823066711426,0.9314503517197611,0.0004915901819986947,1748944233.9089627
3308,0.027645599097013474,-1.0861495733261108,0.0,1.7168456315994263,0.9314503517197611,0.0004915876604771692,1748944233.9651093
3309,0.06251813471317291,-1.2402085065841675,0.0,2.8853392601013184,0.9314503517197611,0.0004915851389685775,1748944234.0219636
3310,0.037696607410907745,-1.0551053285598755,0.0,2.600379467010498,0.9314503517197611,0.0004915826174729193,1748944234.0798194
3311,0.02795153670012951,-0.9533023834228516,0.0,1.346904993057251,0.9314503517197611,0.0004915800959901947,1748944234.1367922
3312,0.025195814669132233,-1.102433443069458,0.0,1.0834288597106934,0.9314503517197611,0.0004915775745204036,1748944234.1945465
3313,0.026406601071357727,-1.109717607498169,0.0,1.1291744709014893,0.9314503517197611,0.0004915750530635458,1748944234.2520804
3314,0.03174041584134102,-1.1225864887237549,0.0,1.479139804840088,0.9314503517197611,0.0004915725316196215,1748944234.309226
3315,0.028697650879621506,-1.111248254776001,0.0,1.233776569366455,0.9314503517197611,0.0004915700101886303,1748944234.3667934
3316,0.02986898273229599,-1.0046749114990234,0.0,1.157728910446167,0.9314503517197611,0.0004915674887705725,1748944234.4240932
3317,0.03808828070759773,-1.0459110736846924,0.0,1.7656071186065674,0.9314503517197611,0.0004915649673654477,1748944234.4820561
3318,0.0420505590736866,-1.037031888961792,0.0,2.6165931224823,0.9314503517197611,0.0004915624459732561,1748944234.540741
3319,0.032821036875247955,-0.9955060482025146,0.0,1.8052425384521484,0.9314503517197611,0.0004915599245939975,1748944234.5977893
3320,0.033679232001304626,-1.0002795457839966,0.0,1.8991302251815796,0.9314503517197611,0.0004915574032276718,1748944234.6554642
3321,0.03754382207989693,-1.0612545013427734,0.0,2.5067453384399414,0.9314503517197611,0.0004915548818742791,1748944234.7142692
3322,0.039464376866817474,-0.9884761571884155,0.0,2.103853702545166,0.9314503517197611,0.0004915523605338191,1748944234.772513
3323,0.03162659704685211,-1.0077365636825562,0.0,2.184248924255371,0.9314503517197611,0.0004915498392062919,1748944234.8319519
3324,0.03556642681360245,-1.1009798049926758,0.0,1.700918436050415,0.9314503517197611,0.0004915473178916974,1748944234.8886323
3325,0.02908102236688137,-1.1341290473937988,0.0,2.318779706954956,0.9314503517197611,0.0004915447965900355,1748944234.9479175
3326,0.05842404067516327,-1.0962390899658203,0.0,2.567607879638672,0.9314503517197611,0.000491542275301306,1748944235.0055957
3327,0.04891432076692581,-1.0546114444732666,0.0,1.6345268487930298,0.9314503517197611,0.0004915397540255092,1748944235.0654552
3328,0.050398048013448715,-1.1081440448760986,0.0,4.166534423828125,0.9314503517197611,0.0004915372327626448,1748944235.1240897
3329,0.03711903467774391,-1.0965946912765503,0.0,1.661871075630188,0.9314503517197611,0.0004915347115127127,1748944235.184292
3330,0.048428215086460114,-1.0815120935440063,0.0,2.652860403060913,0.9314503517197611,0.0004915321902757129,1748944235.2457752
3331,0.03635326772928238,-1.1169443130493164,0.0,2.500054121017456,0.9314503517197611,0.0004915296690516453,1748944235.3029
3332,0.04349445179104805,-1.0743985176086426,0.0,1.943887710571289,0.9314503517197611,0.0004915271478405099,1748944235.361989
3333,0.03456968814134598,-1.1297441720962524,0.0,2.1792755126953125,0.9314503517197611,0.0004915246266423065,1748944235.42055
3334,0.04522652179002762,-1.129239797592163,0.0,3.4974300861358643,0.9314503517197611,0.0004915221054570353,1748944235.4790888
3335,0.04535561054944992,-1.0250639915466309,0.0,3.7049028873443604,0.9314503517197611,0.0004915195842846959,1748944235.5376346
3336,0.0411444790661335,-0.823043704032898,0.0,2.069807529449463,0.9314503517197611,0.0004915170631252884,1748944235.5957644
3337,0.056757424026727676,-1.103774905204773,0.0,2.929807662963867,0.9314503517197611,0.0004915145419788128,1748944235.65433
3338,0.058849841356277466,-0.6834666728973389,0.0,3.15230131149292,0.9314503517197611,0.0004915120208452689,1748944235.7144082
3339,0.043734513223171234,-0.9040459394454956,0.0,2.599132537841797,0.9314503517197611,0.0004915094997246567,1748944235.773489
3340,0.04006677493453026,-1.0023996829986572,0.0,1.9227269887924194,0.9314503517197611,0.0004915069786169761,1748944235.8324368
3341,0.03611528128385544,-1.2220098972320557,0.0,2.159656286239624,0.9314503517197611,0.0004915044575222272,1748944235.8907878
3342,0.031821008771657944,-0.9767540097236633,0.0,1.4346908330917358,0.9314503517197611,0.0004915019364404097,1748944235.9485953
3343,0.028029102832078934,-1.0236619710922241,0.0,2.2072534561157227,0.9314503517197611,0.0004914994153715236,1748944236.0077963
3344,0.03698679804801941,-1.176613211631775,0.0,1.7453049421310425,0.9314503517197611,0.0004914968943155689,1748944236.0656123
3345,0.04540662094950676,-1.1025207042694092,0.0,2.6532366275787354,0.9314503517197611,0.0004914943732725454,1748944236.1245034
3346,0.0379054993391037,-1.0190634727478027,0.0,2.445744514465332,0.9314503517197611,0.0004914918522424532,1748944236.182216
3347,0.053358860313892365,-1.1120154857635498,0.0,3.380633592605591,0.9314503517197611,0.0004914893312252921,1748944236.2421536
3348,0.0393788143992424,-0.8148587346076965,0.0,1.4108526706695557,0.9314503517197611,0.0004914868102210622,1748944236.3032546
3349,0.03372807800769806,-1.0277669429779053,0.0,2.7891647815704346,0.9314503517197611,0.0004914842892297633,1748944236.3646414
3350,0.03296706825494766,-0.9025346040725708,0.0,2.356271505355835,0.9314503517197611,0.0004914817682513953,1748944236.4234807
3351,0.047553472220897675,-1.1767327785491943,0.0,2.294147253036499,0.9314503517197611,0.0004914792472859583,1748944236.4829178
3352,0.0360569953918457,-1.011335849761963,0.0,2.846515417098999,0.9314503517197611,0.0004914767263334521,1748944236.5451279
3353,0.044358618557453156,-0.9401938915252686,0.0,2.471080780029297,0.9314503517197611,0.0004914742053938766,1748944236.6059246
3354,1.5385680198669434,-1.274202823638916,0.0,2.0248827934265137,0.9281557875070849,0.0004914716844672318,1748944236.6648614
3355,0.03922342509031296,-0.7838094234466553,0.0,1.8069249391555786,0.9281557875070849,0.0004914691635535176,1748944236.723135
3356,0.03226128965616226,-1.220575213432312,0.0,1.501583218574524,0.9281557875070849,0.0004914666426527341,1748944236.7825897
3357,0.02657182142138481,-0.9748266339302063,0.0,1.2271074056625366,0.9281557875070849,0.0004914641217648809,1748944236.845064
3358,0.025458279997110367,-1.2979772090911865,0.0,0.9316192269325256,0.9281557875070849,0.0004914616008899582,1748944236.9069784
3359,0.04837352782487869,-0.9494117498397827,0.0,2.450056791305542,0.9281557875070849,0.000491459080027966,1748944236.965935
3360,0.037366773933172226,-0.919430673122406,0.0,2.106861114501953,0.9281557875070849,0.0004914565591789041,1748944237.0252712
3361,0.03420520946383476,-1.1845006942749023,0.0,1.0085468292236328,0.9281557875070849,0.0004914540383427722,1748944237.085549
3362,0.05258139967918396,-1.0321298837661743,0.0,1.7505667209625244,0.9281557875070849,0.0004914515175195707,1748944237.1567667
3363,0.031525708734989166,-0.9293742179870605,0.0,1.8228802680969238,0.9281557875070849,0.0004914489967092992,1748944237.2182324
3364,0.04060709476470947,-1.0908582210540771,0.0,2.4574785232543945,0.9281557875070849,0.0004914464759119577,1748944237.2838643
3365,0.04448293149471283,-1.1680774688720703,0.0,1.3677550554275513,0.9281557875070849,0.0004914439551275462,1748944237.3514569
3366,0.02332795411348343,-1.1691356897354126,0.0,1.4728593826293945,0.9281557875070849,0.0004914414343560646,1748944237.4166975
3367,0.03925328701734543,-1.3645745515823364,0.0,2.1796183586120605,0.9281557875070849,0.0004914389135975128,1748944237.4768808
3368,0.030182940885424614,-1.136986255645752,0.0,2.2046124935150146,0.9281557875070849,0.0004914363928518908,1748944237.5370517
3369,0.03224677965044975,-1.175356149673462,0.0,1.3380334377288818,0.9281557875070849,0.0004914338721191986,1748944237.5967202
3370,0.034693922847509384,-1.4677947759628296,0.0,1.5895284414291382,0.9281557875070849,0.0004914313513994359,1748944237.6578753
3371,0.05209968984127045,-1.220036268234253,0.0,2.4601211547851562,0.9281557875070849,0.0004914288306926028,1748944237.715556
3372,0.033805571496486664,-0.8332922458648682,0.0,1.7330470085144043,0.9281557875070849,0.0004914263099986992,1748944237.773107
3373,1.5452152490615845,-1.0054672956466675,0.0,1.4684025049209595,0.9281557875070849,0.0004914237893177251,1748944237.8315454
3374,0.04740908741950989,-1.0397417545318604,0.0,1.4180775880813599,0.9281557875070849,0.0004914212686496803,1748944237.8906808
3375,0.04542163759469986,-1.0527610778808594,0.0,2.4708290100097656,0.9281557875070849,0.0004914187479945648,1748944237.9481719
3376,0.03672989457845688,-0.9599119424819946,0.0,1.8967258930206299,0.9281557875070849,0.0004914162273523786,1748944238.0070546
3377,0.02404029667377472,-1.2116031646728516,0.0,0.8435257077217102,0.9281557875070849,0.0004914137067231215,1748944238.0649107
3378,0.04138626158237457,-0.9192609190940857,0.0,1.867645263671875,0.9281557875070849,0.0004914111861067936,1748944238.124036
3379,0.04223282262682915,-1.1348832845687866,0.0,2.581047773361206,0.9281557875070849,0.0004914086655033946,1748944238.1851208
3380,0.04477076232433319,-1.0528746843338013,0.0,1.829168438911438,0.9281557875070849,0.0004914061449129247,1748944238.245009
3381,0.03243621438741684,-1.1857852935791016,0.0,1.3430367708206177,0.9281557875070849,0.0004914036243353837,1748944238.3045504
3382,0.038605377078056335,-1.08247709274292,0.0,1.7698211669921875,0.9281557875070849,0.0004914011037707714,1748944238.3645358
3383,0.0424923375248909,-1.257676124572754,0.0,1.9337012767791748,0.9281557875070849,0.000491398583219088,1748944238.4234655
3384,1.5364422798156738,-1.1861753463745117,0.0,2.0475776195526123,0.9281557875070849,0.0004913960626803333,1748944238.4842367
3385,0.037773437798023224,-1.346083164215088,0.0,2.1827898025512695,0.9281557875070849,0.0004913935421545072,1748944238.5459692
3386,0.021501753479242325,-0.9460521936416626,0.0,1.0316766500473022,0.9281557875070849,0.0004913910216416097,1748944238.6049318
3387,0.04586245119571686,-0.8979267477989197,0.0,2.3509366512298584,0.9281557875070849,0.0004913885011416407,1748944238.6638432
3388,0.048670727759599686,-0.7822364568710327,0.0,3.9246864318847656,0.9281557875070849,0.0004913859806546001,1748944238.7229688
3389,0.023299288004636765,-1.0575077533721924,0.0,1.3728307485580444,0.9281557875070849,0.000491383460180488,1748944238.783478
3390,0.04356729984283447,-0.9568540453910828,0.0,1.9195618629455566,0.9281557875070849,0.000491380939719304,1748944238.8455312
3391,0.045875951647758484,-0.889811635017395,0.0,2.7834630012512207,0.9281557875070849,0.0004913784192710484,1748944238.906632
3392,0.03492747247219086,-0.9413861036300659,0.0,1.6723506450653076,0.9281557875070849,0.000491375898835721,1748944238.964885
3393,0.08116942644119263,-0.8846994638442993,0.0,5.488844871520996,0.9281557875070849,0.0004913733784133216,1748944239.0233624
3394,0.03799720108509064,-1.2767980098724365,0.0,2.093684196472168,0.9281557875070849,0.0004913708580038502,1748944239.0848682
3395,0.049290016293525696,-0.973107099533081,0.0,2.537417411804199,0.9281557875070849,0.000491368337607307,1748944239.1455767
3396,0.02896157279610634,-1.0963504314422607,0.0,1.9591275453567505,0.9281557875070849,0.0004913658172236915,1748944239.2037635
3397,0.03799589350819588,-0.9466302394866943,0.0,1.480370044708252,0.9281557875070849,0.0004913632968530041,1748944239.265562
3398,0.04165492206811905,-1.2680275440216064,0.0,1.9574607610702515,0.9281557875070849,0.0004913607764952442,1748944239.3232386
3399,0.039380643516778946,-0.9102911949157715,0.0,2.410820722579956,0.9281557875070849,0.0004913582561504121,1748944239.3868594
3400,0.030658315867185593,-0.9799452424049377,0.0,1.2617130279541016,0.9281557875070849,0.0004913557358185076,1748944239.4476388
3401,0.03814523667097092,-0.9599215984344482,0.0,1.8192002773284912,0.9281557875070849,0.0004913532154995308,1748944239.5069668
3402,0.055040836334228516,-1.063704013824463,0.0,2.9341280460357666,0.9281557875070849,0.0004913506951934814,1748944239.5660405
3403,0.03628210723400116,-1.0857841968536377,0.0,1.6980245113372803,0.9281557875070849,0.0004913481749003596,1748944239.6238308
3404,0.028480615466833115,-1.0733728408813477,0.0,1.4383318424224854,0.9281557875070849,0.0004913456546201651,1748944239.6867013
3405,0.03382429853081703,-1.2801010608673096,0.0,1.5468696355819702,0.9281557875070849,0.0004913431343528978,1748944239.7480052
3406,0.0229170061647892,-0.9982426762580872,0.0,1.059530258178711,0.9281557875070849,0.0004913406140985579,1748944239.8079064
3407,0.03807219862937927,-1.276500940322876,0.0,2.201777219772339,0.9281557875070849,0.0004913380938571452,1748944239.8665595
3408,0.028446320444345474,-0.9592510461807251,0.0,2.1826181411743164,0.9281557875070849,0.0004913355736286595,1748944239.928923
3409,0.043438173830509186,-0.8820905685424805,0.0,2.6496686935424805,0.9281557875070849,0.0004913330534131008,1748944239.9892714
3410,0.042356204241514206,-1.1970586776733398,0.0,1.9726548194885254,0.9281557875070849,0.0004913305332104693,1748944240.0492558
3411,0.042710766196250916,-1.046088695526123,0.0,2.0049667358398438,0.9281557875070849,0.0004913280130207646,1748944240.1081803
3412,0.02963876724243164,-1.1414053440093994,0.0,1.9364891052246094,0.9281557875070849,0.0004913254928439867,1748944240.170971
3413,0.025509219616651535,-1.2402336597442627,0.0,1.5771708488464355,0.9281557875070849,0.0004913229726801356,1748944240.2318408
3414,0.0340249240398407,-0.9528747797012329,0.0,1.9359440803527832,0.9281557875070849,0.0004913204525292112,1748944240.2910023
3415,0.046643249690532684,-1.0946038961410522,0.0,2.1306474208831787,0.9281557875070849,0.0004913179323912135,1748944240.3508935
3416,0.04637753590941429,-1.1243407726287842,0.0,2.191930055618286,0.9281557875070849,0.0004913154122661424,1748944240.4127214
3417,0.0476251021027565,-1.0996978282928467,0.0,2.61690354347229,0.9281557875070849,0.0004913128921539979,1748944240.4742215
3418,0.042833130806684494,-1.2142062187194824,0.0,2.602788209915161,0.9281557875070849,0.0004913103720547797,1748944240.5323346
3419,1.541169285774231,-1.1186304092407227,0.0,1.4186750650405884,0.9281557875070849,0.0004913078519684879,1748944240.5900898
3420,0.026880044490098953,-1.0318074226379395,0.0,1.368656039237976,0.9281557875070849,0.0004913053318951224,1748944240.6486495
3421,0.04013194143772125,-1.0874940156936646,0.0,2.1028223037719727,0.9281557875070849,0.0004913028118346832,1748944240.7090123
3422,0.060128822922706604,-1.2284138202667236,0.0,2.6675267219543457,0.9281557875070849,0.0004913002917871702,1748944240.7708685
3423,0.042690642178058624,-0.8385721445083618,0.0,3.245009422302246,0.9281557875070849,0.0004912977717525834,1748944240.8328235
3424,0.0267023965716362,-1.395283818244934,0.0,1.2541776895523071,0.9281557875070849,0.0004912952517309226,1748944240.8925703
3425,0.03529219329357147,-0.9004873037338257,0.0,1.470085620880127,0.9281557875070849,0.0004912927317221877,1748944240.9556534
3426,0.03481307625770569,-1.010498046875,0.0,2.512925624847412,0.9281557875070849,0.0004912902117263787,1748944241.0154626
3427,0.03955892473459244,-1.0239293575286865,0.0,2.2621395587921143,0.9281557875070849,0.0004912876917434958,1748944241.0738666
3428,0.05434950441122055,-0.9318427443504333,0.0,3.0085301399230957,0.9281557875070849,0.0004912851717735385,1748944241.1326628
3429,0.044527895748615265,-0.9626562595367432,0.0,3.707580327987671,0.9281557875070849,0.0004912826518165069,1748944241.1912904
3430,0.029101254418492317,-0.8853198289871216,0.0,1.4520869255065918,0.9281557875070849,0.000491280131872401,1748944241.2505536
3431,0.048729605972766876,-1.3336384296417236,0.0,2.9702165126800537,0.9281557875070849,0.0004912776119412207,1748944241.3128214
3432,0.03361208364367485,-1.2172048091888428,0.0,1.140576720237732,0.9281557875070849,0.000491275092022966,1748944241.3738108
3433,0.025297369807958603,-1.4858180284500122,0.0,2.5831549167633057,0.9281557875070849,0.0004912725721176366,1748944241.4317522
3434,0.045213665813207626,-0.9906554818153381,0.0,2.8112659454345703,0.9281557875070849,0.0004912700522252327,1748944241.4908469
3435,0.03230501338839531,-1.2066149711608887,0.0,1.79266357421875,0.9281557875070849,0.000491267532345754,1748944241.5489166
3436,0.04317818954586983,-1.028445839881897,0.0,2.2464418411254883,0.9281557875070849,0.0004912650124792008,1748944241.6083918
3437,0.029123660176992416,-1.0071512460708618,0.0,1.6607993841171265,0.9281557875070849,0.0004912624926255725,1748944241.671312
3438,1.551129937171936,-1.2282226085662842,0.0,2.3260746002197266,0.9281557875070849,0.0004912599727848696,1748944241.732269
3439,0.024164870381355286,-1.06900155544281,0.0,1.4162638187408447,0.9281557875070849,0.0004912574529570916,1748944241.793089
3440,0.041378941386938095,-1.2172954082489014,0.0,1.6601567268371582,0.9281557875070849,0.0004912549331422386,1748944241.855128
3441,0.02609381638467312,-0.8900254964828491,0.0,1.5473617315292358,0.9281557875070849,0.0004912524133403106,1748944241.9152834
3442,0.03983417898416519,-1.3142032623291016,0.0,2.6284103393554688,0.9281557875070849,0.0004912498935513073,1748944241.976931
3443,0.03393082320690155,-1.1835155487060547,0.0,2.2654941082000732,0.9281557875070849,0.000491247373775229,1748944242.0383139
3444,0.0326450951397419,-1.1271662712097168,0.0,1.8245158195495605,0.9281557875070849,0.0004912448540120753,1748944242.0989017
3445,0.02752714604139328,-1.1086323261260986,0.0,1.61127769947052,0.9281557875070849,0.0004912423342618463,1748944242.1572492
3446,0.04559076577425003,-0.9394031167030334,0.0,2.0180885791778564,0.9281557875070849,0.0004912398145245419,1748944242.2158623
3447,0.07772248983383179,-1.01364004611969,0.0,3.7135424613952637,0.9281557875070849,0.0004912372948001621,1748944242.2786088
3448,0.03362709656357765,-0.8500289916992188,0.0,2.589484453201294,0.9281557875070849,0.0004912347750887067,1748944242.3397381
3449,0.028926223516464233,-1.089327335357666,0.0,2.032460927963257,0.9281557875070849,0.0004912322553901756,1748944242.4000769
3450,0.03315480053424835,-0.9146221876144409,0.0,1.6934280395507812,0.9281557875070849,0.0004912297357045689,1748944242.4598713
3451,0.03788682073354721,-1.1597778797149658,0.0,2.539827585220337,0.9281557875070849,0.0004912272160318865,1748944242.5268843
3452,0.03307361155748367,-1.1235387325286865,0.0,3.4383912086486816,0.9281557875070849,0.0004912246963721283,1748944242.5965292
3453,0.03094225749373436,-0.975219190120697,0.0,1.4502663612365723,0.9281557875070849,0.0004912221767252942,1748944242.6566372
3454,0.043695591390132904,-1.0774437189102173,0.0,2.0707263946533203,0.9281557875070849,0.0004912196570913841,1748944242.7167172
3455,0.02474905736744404,-0.9174199104309082,0.0,1.050358772277832,0.9281557875070849,0.0004912171374703982,1748944242.7822423
3456,0.02968943491578102,-1.075989007949829,0.0,2.2926292419433594,0.9281557875070849,0.0004912146178623361,1748944242.84666
3457,0.029182802885770798,-1.297546148300171,0.0,1.7022415399551392,0.9281557875070849,0.0004912120982671979,1748944242.9156678
3458,0.03444775566458702,-0.7858234643936157,0.0,1.3901194334030151,0.9281557875070849,0.0004912095786849834,1748944242.9753659
3459,0.0369228832423687,-1.1100802421569824,0.0,2.205591917037964,0.9281557875070849,0.0004912070591156927,1748944243.0434434
3460,0.028136109933257103,-0.9248579740524292,0.0,0.9820546507835388,0.9281557875070849,0.0004912045395593257,1748944243.1108625
3461,0.05072438716888428,-1.1371181011199951,0.0,2.27398681640625,0.9281557875070849,0.0004912020200158822,1748944243.1799448
3462,0.02653695084154606,-0.9806283116340637,0.0,1.3041739463806152,0.9281557875070849,0.0004911995004853624,1748944243.2507784
3463,0.02882326953113079,-1.1645677089691162,0.0,1.3486160039901733,0.9281557875070849,0.000491196980967766,1748944243.314729
3464,0.0342206135392189,-1.025282382965088,0.0,1.1942098140716553,0.9281557875070849,0.0004911944614630929,1748944243.3731778
3465,0.05472245812416077,-1.0073474645614624,0.0,2.290682792663574,0.9281557875070849,0.0004911919419713432,1748944243.4422402
3466,0.038368843495845795,-1.2330676317214966,0.0,2.5026204586029053,0.9281557875070849,0.0004911894224925168,1748944243.507627
3467,0.03578861802816391,-0.9566593766212463,0.0,1.1344540119171143,0.9281557875070849,0.0004911869030266136,1748944243.571271
3468,0.036107830703258514,-0.993590235710144,0.0,1.934722661972046,0.9281557875070849,0.0004911843835736336,1748944243.6317885
3469,0.03760214149951935,-1.1113311052322388,0.0,1.53395676612854,0.9281557875070849,0.0004911818641335766,1748944243.6899664
3470,0.03524460271000862,-1.0862846374511719,0.0,1.2405378818511963,0.9281557875070849,0.0004911793447064427,1748944243.749166
3471,0.02985166199505329,-1.025054693222046,0.0,1.132177472114563,0.9281557875070849,0.0004911768252922315,1748944243.8099859
3472,0.0397983118891716,-0.7649500966072083,0.0,2.7766458988189697,0.9281557875070849,0.0004911743058909434,1748944243.8717124
3473,0.03292690962553024,-1.0970778465270996,0.0,1.5014313459396362,0.9281557875070849,0.000491171786502578,1748944243.9335847
3474,0.03680264949798584,-1.259491205215454,0.0,2.5471816062927246,0.9281557875070849,0.0004911692671271354,1748944244.001089
3475,0.0493839830160141,-1.1179783344268799,0.0,2.8330893516540527,0.9281557875070849,0.0004911667477646154,1748944244.0644464
3476,0.03815027326345444,-1.0624966621398926,0.0,1.6551798582077026,0.9281557875070849,0.000491164228415018,1748944244.1233275
3477,0.03226028382778168,-1.0430498123168945,0.0,1.5848326683044434,0.9281557875070849,0.0004911617090783432,1748944244.1816692
3478,0.056083668023347855,-1.2167301177978516,0.0,1.834596872329712,0.9281557875070849,0.0004911591897545909,1748944244.2396393
3479,0.043106045573949814,-1.2047991752624512,0.0,2.405088424682617,0.9281557875070849,0.0004911566704437609,1748944244.299641
3480,0.04395531117916107,-0.8425726890563965,0.0,1.6334056854248047,0.9281557875070849,0.0004911541511458534,1748944244.3636162
3481,0.043268922716379166,-1.291016697883606,0.0,3.0715115070343018,0.9281557875070849,0.000491151631860868,1748944244.4242115
3482,0.026914432644844055,-1.0539048910140991,0.0,1.4047784805297852,0.9281557875070849,0.000491149112588805,1748944244.4819784
3483,0.04862634837627411,-0.8107993602752686,0.0,3.6067864894866943,0.9281557875070849,0.000491146593329664,1748944244.541278
3484,0.03852863237261772,-1.0223253965377808,0.0,2.5423686504364014,0.9281557875070849,0.0004911440740834451,1748944244.6009405
3485,0.037758808583021164,-0.9419915676116943,0.0,1.805077075958252,0.9281557875070849,0.0004911415548501482,1748944244.662108
3486,0.05084025859832764,-1.0808947086334229,0.0,3.2802348136901855,0.9281557875070849,0.0004911390356297732,1748944244.7246103
3487,0.04083242267370224,-1.1539502143859863,0.0,2.2523036003112793,0.9281557875070849,0.0004911365164223203,1748944244.7930865
3488,0.03101189434528351,-1.0151013135910034,0.0,2.0570201873779297,0.9281557875070849,0.000491133997227789,1748944244.8590531
3489,0.037710726261138916,-1.2032535076141357,0.0,2.3973233699798584,0.9281557875070849,0.0004911314780461795,1748944244.9252298
3490,0.03808632493019104,-0.8170167207717896,0.0,4.533929347991943,0.9281557875070849,0.0004911289588774917,1748944244.990322
3491,0.0484115406870842,-1.1692657470703125,0.0,3.2873291969299316,0.9281557875070849,0.0004911264397217255,1748944245.0496266
3492,0.044299282133579254,-1.3090028762817383,0.0,2.5162227153778076,0.9281557875070849,0.0004911239205788808,1748944245.1076472
3493,0.05667740851640701,-1.2435766458511353,0.0,3.861970901489258,0.9281557875070849,0.0004911214014489577,1748944245.171868
3494,0.024317119270563126,-0.9703011512756348,0.0,2.286616802215576,0.9281557875070849,0.0004911188823319559,1748944245.2337737
3495,0.051068127155303955,-0.9965351819992065,0.0,2.629718542098999,0.9281557875070849,0.0004911163632278755,1748944245.300783
3496,0.04868527501821518,-0.9467904567718506,0.0,2.6089987754821777,0.9281557875070849,0.0004911138441367164,1748944245.3736494
3497,0.027952834963798523,-1.0714187622070312,0.0,1.7973692417144775,0.9281557875070849,0.0004911113250584784,1748944245.4337714
3498,0.04622235894203186,-1.0453821420669556,0.0,1.9054961204528809,0.9281557875070849,0.0004911088059931617,1748944245.5000079
3499,0.03376007080078125,-0.9933304786682129,0.0,2.458482265472412,0.9281557875070849,0.000491106286940766,1748944245.5648093
3500,0.04042866826057434,-1.0576032400131226,0.0,2.5704221725463867,0.9281557875070849,0.0004911037679012914,1748944245.6249807
3501,1.572493553161621,-1.1551110744476318,0.0,2.297520875930786,0.9281557875070849,0.0004911012488747376,1748944245.682261
3502,0.05202193558216095,-1.1419062614440918,0.0,1.87261962890625,0.9281557875070849,0.0004910987298611049,1748944245.7410274
3503,0.042912550270557404,-1.262131690979004,0.0,2.2485969066619873,0.9281557875070849,0.0004910962108603928,1748944245.798773
3504,0.04472757503390312,-1.1935043334960938,0.0,2.285595178604126,0.9281557875070849,0.0004910936918726016,1748944245.8598464
3505,0.039663806557655334,-1.1069080829620361,0.0,2.677924633026123,0.9281557875070849,0.000491091172897731,1748944245.923952
3506,0.05581631511449814,-1.4492019414901733,0.0,3.679786443710327,0.9281557875070849,0.000491088653935781,1748944245.9826138
3507,0.045320361852645874,-1.0265049934387207,0.0,1.4487082958221436,0.9281557875070849,0.0004910861349867515,1748944246.0417979
3508,0.038405343890190125,-1.2373406887054443,0.0,2.099376678466797,0.9281557875070849,0.0004910836160506427,1748944246.103901
3509,0.059901148080825806,-1.0373274087905884,0.0,3.6725053787231445,0.9281557875070849,0.0004910810971274542,1748944246.1659317
3510,0.04268331453204155,-0.847955584526062,0.0,2.230247974395752,0.9281557875070849,0.0004910785782171861,1748944246.2229648
3511,0.05284513533115387,-1.036189317703247,0.0,2.3940794467926025,0.9281557875070849,0.0004910760593198382,1748944246.2817214
3512,0.049243420362472534,-1.0209362506866455,0.0,2.1219704151153564,0.9281557875070849,0.0004910735404354105,1748944246.3398762
3513,0.03756926953792572,-0.8747625946998596,0.0,1.9989944696426392,0.9281557875070849,0.000491071021563903,1748944246.3991761
3514,0.06146930158138275,-1.225176215171814,0.0,2.6991426944732666,0.9281557875070849,0.0004910685027053156,1748944246.4587882
3515,0.05054884031414986,-1.6719189882278442,0.0,3.107924699783325,0.9281557875070849,0.0004910659838596483,1748944246.5213423
3516,0.05163533240556717,-1.2311445474624634,0.0,1.8910772800445557,0.9281557875070849,0.0004910634650269009,1748944246.5805373
3517,0.03415820747613907,-1.1883893013000488,0.0,1.7271255254745483,0.9281557875070849,0.0004910609462070733,1748944246.6411135
3518,0.050712019205093384,-1.135444164276123,0.0,2.0128190517425537,0.9281557875070849,0.0004910584274001657,1748944246.6992235
3519,0.050666045397520065,-1.3231606483459473,0.0,2.841911792755127,0.9281557875070849,0.0004910559086061777,1748944246.7567887
3520,0.05523892864584923,-1.0914044380187988,0.0,3.135145425796509,0.9281557875070849,0.0004910533898251095,1748944246.8153896
3521,0.04865970462560654,-1.1592193841934204,0.0,2.4739325046539307,0.9281557875070849,0.0004910508710569608,1748944246.8793805
3522,0.05642194300889969,-1.3192558288574219,0.0,2.660029411315918,0.9281557875070849,0.0004910483523017317,1748944246.9398413
3523,0.03878610581159592,-0.9529532194137573,0.0,2.1108241081237793,0.9281557875070849,0.0004910458335594222,1748944247.00068
3524,0.05467411130666733,-1.2702858448028564,0.0,2.578727960586548,0.9281557875070849,0.000491043314830032,1748944247.0629644
3525,0.03709641471505165,-1.2059364318847656,0.0,2.344614028930664,0.9281557875070849,0.0004910407961135612,1748944247.123416
3526,0.04948600381612778,-1.2901442050933838,0.0,1.8249380588531494,0.9281557875070849,0.0004910382774100097,1748944247.1827884
3527,0.04413248598575592,-1.467739224433899,0.0,2.3152995109558105,0.9281557875070849,0.0004910357587193775,1748944247.2450907
3528,0.039197489619255066,-1.145678997039795,0.0,1.6146479845046997,0.9281557875070849,0.0004910332400416644,1748944247.3051002
3529,0.045387305319309235,-1.131960153579712,0.0,2.3861544132232666,0.9281557875070849,0.0004910307213768703,1748944247.3665988
3530,0.03191257268190384,-1.3265854120254517,0.0,1.5107626914978027,0.9281557875070849,0.0004910282027249953,1748944247.4265897
3531,0.058575086295604706,-1.061421513557434,0.0,2.827972173690796,0.9281557875070849,0.0004910256840860393,1748944247.4987504
3532,0.03379352390766144,-1.2274402379989624,0.0,2.403780937194824,0.9281557875070849,0.0004910231654600022,1748944247.5590014
3533,0.04566705599427223,-1.0181132555007935,0.0,2.706576108932495,0.9281557875070849,0.0004910206468468839,1748944247.6241176
3534,0.03995874524116516,-1.2218725681304932,0.0,1.9381084442138672,0.9281557875070849,0.0004910181282466844,1748944247.6821094
3535,0.03822313994169235,-1.4423363208770752,0.0,1.7245913743972778,0.9281557875070849,0.0004910156096594035,1748944247.7480714
3536,0.047780685126781464,-1.2660953998565674,0.0,2.430558204650879,0.9281557875070849,0.0004910130910850413,1748944247.8083982
3537,0.05119781196117401,-1.2620681524276733,0.0,2.7027080059051514,0.9281557875070849,0.0004910105725235977,1748944247.8709438
3538,0.03918997570872307,-1.0552904605865479,0.0,2.9671435356140137,0.9281557875070849,0.0004910080539750725,1748944247.9327948
3539,0.046966057270765305,-0.9603704214096069,0.0,3.811232089996338,0.9281557875070849,0.0004910055354394657,1748944247.9951868
3540,0.0341678187251091,-1.2358207702636719,0.0,1.9464812278747559,0.9281557875070849,0.0004910030169167774,1748944248.0559618
3541,0.03404286131262779,-1.092897891998291,0.0,1.6961216926574707,0.9281557875070849,0.0004910004984070074,1748944248.117419
3542,1.557499647140503,-1.1545829772949219,0.0,4.205605506896973,0.9281557875070849,0.0004909979799101556,1748944248.181718
3543,0.04301944375038147,-1.0658313035964966,0.0,2.4312751293182373,0.9281557875070849,0.0004909954614262219,1748944248.2451634
3544,0.04214920103549957,-0.9911847710609436,0.0,3.528409481048584,0.9281557875070849,0.0004909929429552063,1748944248.3065646
3545,0.04975111410021782,-1.2456222772598267,0.0,2.639331817626953,0.9281557875070849,0.0004909904244971089,1748944248.3678362
3546,0.04224615544080734,-0.977222204208374,0.0,2.6869046688079834,0.9281557875070849,0.0004909879060519293,1748944248.4317772
3547,0.0684221014380455,-1.3082637786865234,0.0,5.064571380615234,0.9281557875070849,0.0004909853876196677,1748944248.491439
3548,0.04957517236471176,-1.2291724681854248,0.0,3.0332679748535156,0.9281557875070849,0.0004909828692003239,1748944248.5509567
3549,0.051998455077409744,-0.9678942561149597,0.0,2.766767978668213,0.9281557875070849,0.0004909803507938979,1748944248.6135721
3550,0.05383414030075073,-1.2839858531951904,0.0,2.2963571548461914,0.9281557875070849,0.0004909778324003895,1748944248.6745224
3551,0.045803409069776535,-1.2731499671936035,0.0,2.040386915206909,0.9281557875070849,0.0004909753140197988,1748944248.7384212
3552,0.041480451822280884,-1.219595193862915,0.0,2.182128667831421,0.9281557875070849,0.0004909727956521256,1748944248.79773
3553,0.05276256427168846,-1.1105856895446777,0.0,1.8135883808135986,0.9281557875070849,0.0004909702772973699,1748944248.856641
3554,0.034724701195955276,-1.108055591583252,0.0,1.9236632585525513,0.9248735372645945,0.0004909677589555318,1748944248.92008
3555,0.04756316542625427,-1.1108108758926392,0.0,2.428360939025879,0.9248735372645945,0.000490965240626611,1748944248.9812093
3556,0.030069926753640175,-1.2648625373840332,0.0,1.664791226387024,0.9248735372645945,0.0004909627223106075,1748944249.041941
3557,0.03081492707133293,-0.9581434726715088,0.0,1.4568301439285278,0.9248735372645945,0.0004909602040075212,1748944249.1043456
3558,0.03928707540035248,-1.0703438520431519,0.0,2.376232624053955,0.9248735372645945,0.0004909576857173521,1748944249.1650708
3559,0.04212723672389984,-0.966772735118866,0.0,1.7694271802902222,0.9248735372645945,0.0004909551674401001,1748944249.2290714
3560,0.07582002878189087,-1.346695065498352,0.0,2.3239152431488037,0.9248735372645945,0.0004909526491757652,1748944249.2909636
3561,0.046972937881946564,-1.1642556190490723,0.0,2.6529669761657715,0.9248735372645945,0.0004909501309243472,1748944249.3484511
3562,0.02759689837694168,-0.9284858703613281,0.0,1.6192920207977295,0.9248735372645945,0.0004909476126858461,1748944249.4078007
3563,0.03833679482340813,-1.2268447875976562,0.0,1.6060154438018799,0.9248735372645945,0.0004909450944602619,1748944249.4669302
3564,0.05549612641334534,-1.2955783605575562,0.0,1.7076374292373657,0.9248735372645945,0.0004909425762475945,1748944249.5288103
3565,0.043422628194093704,-0.9752596020698547,0.0,2.2969024181365967,0.9248735372645945,0.0004909400580478437,1748944249.588909
3566,0.0626848116517067,-1.4109787940979004,0.0,1.9866501092910767,0.9248735372645945,0.0004909375398610096,1748944249.6495676
3567,0.03342141956090927,-1.1596990823745728,0.0,1.7633354663848877,0.9248735372645945,0.0004909350216870921,1748944249.708769
3568,0.040982961654663086,-1.3841893672943115,0.0,1.761713981628418,0.9248735372645945,0.0004909325035260911,1748944249.7906735
3569,0.04873691871762276,-1.0184298753738403,0.0,2.6008222103118896,0.9248735372645945,0.0004909299853780065,1748944249.8491554
3570,0.05516773462295532,-1.3415756225585938,0.0,1.7642565965652466,0.9248735372645945,0.0004909274672428383,1748944249.9097683
3571,0.031003054231405258,-1.1057796478271484,0.0,1.4360933303833008,0.9248735372645945,0.0004909249491205865,1748944249.9715989
3572,0.046135298907756805,-1.3421636819839478,0.0,2.554080009460449,0.9248735372645945,0.0004909224310112509,1748944250.0346985
3573,0.06329028308391571,-1.4155545234680176,0.0,3.3028440475463867,0.9248735372645945,0.0004909199129148313,1748944250.0968137
3574,0.03776218742132187,-1.167619228363037,0.0,2.1002745628356934,0.9248735372645945,0.000490917394831328,1748944250.157956
3575,0.04223025217652321,-1.5199908018112183,0.0,2.357846975326538,0.9248735372645945,0.0004909148767607408,1748944250.217669
3576,1.5406502485275269,-1.203381896018982,0.0,2.1158528327941895,0.9248735372645945,0.0004909123587030694,1748944250.2792044
3577,0.04005056247115135,-1.1894937753677368,0.0,2.174730062484741,0.9248735372645945,0.000490909840658314,1748944250.339811
3578,0.051028043031692505,-1.5376955270767212,0.0,2.0000033378601074,0.9248735372645945,0.0004909073226264744,1748944250.398707
3579,0.03955262899398804,-1.2259435653686523,0.0,1.689296841621399,0.9248735372645945,0.0004909048046075507,1748944250.4585614
3580,0.03192997723817825,-1.3049010038375854,0.0,2.456986904144287,0.9248735372645945,0.0004909022866015427,1748944250.5212715
3581,0.03947529196739197,-1.0951511859893799,0.0,2.057682752609253,0.9248735372645945,0.0004908997686084503,1748944250.5829725
3582,0.059542328119277954,-1.021917462348938,0.0,2.9112985134124756,0.9248735372645945,0.0004908972506282735,1748944250.6479447
3583,0.04051534831523895,-1.1607829332351685,0.0,2.609578847885132,0.9248735372645945,0.0004908947326610121,1748944250.7076907
3584,0.04923601821064949,-0.7208971977233887,0.0,2.465407609939575,0.9248735372645945,0.0004908922147066663,1748944250.7654316
3585,0.044948481023311615,-1.1676487922668457,0.0,3.069282293319702,0.9248735372645945,0.0004908896967652358,1748944250.8242242
3586,0.049171071499586105,-1.3609185218811035,0.0,2.6623775959014893,0.9248735372645945,0.0004908871788367207,1748944250.8826606
3587,0.03881039842963219,-1.1761661767959595,0.0,1.879530906677246,0.9248735372645945,0.0004908846609211208,1748944250.9425972
3588,0.04047340527176857,-1.346010446548462,0.0,2.141808271408081,0.9248735372645945,0.0004908821430184361,1748944251.0054822
3589,0.03346323221921921,-1.0873669385910034,0.0,1.787227988243103,0.9248735372645945,0.0004908796251286664,1748944251.0655992
3590,0.03454604744911194,-1.2218692302703857,0.0,2.0746140480041504,0.9248735372645945,0.000490877107251812,1748944251.1239243
3591,0.04409167170524597,-1.0721325874328613,0.0,2.3909337520599365,0.9248735372645945,0.0004908745893878724,1748944251.1830156
3592,0.04139157757163048,-1.1636910438537598,0.0,1.9728198051452637,0.9248735372645945,0.0004908720715368477,1748944251.2465408
3593,0.04136015102267265,-1.2953126430511475,0.0,1.9625836610794067,0.9248735372645945,0.0004908695536987379,1748944251.3070834
3594,0.03325266018509865,-1.1416345834732056,0.0,2.3624355792999268,0.9248735372645945,0.0004908670358735429,1748944251.3653283
3595,0.034556981176137924,-1.148719310760498,0.0,2.2576212882995605,0.9248735372645945,0.0004908645180612627,1748944251.4264786
3596,1.5383210182189941,-1.3836054801940918,0.0,2.2242496013641357,0.9248735372645945,0.0004908620002618971,1748944251.4894707
3597,0.04550950974225998,-1.509565830230713,0.0,2.250190258026123,0.9248735372645945,0.000490859482475446,1748944251.5507822
3598,0.06176368147134781,-1.0352063179016113,0.0,4.077793598175049,0.9248735372645945,0.0004908569647019095,1748944251.6150305
3599,0.03439046069979668,-0.9763565063476562,0.0,2.037971258163452,0.9248735372645945,0.0004908544469412875,1748944251.674694
3600,0.03453510254621506,-1.3181374073028564,0.0,2.0064120292663574,0.9248735372645945,0.0004908519291935799,1748944251.7334802
3601,0.05662139505147934,-1.550416350364685,0.0,2.820737838745117,0.9248735372645945,0.0004908494114587864,1748944251.799728
3602,0.0529983788728714,-1.2004833221435547,0.0,3.5175750255584717,0.9248735372645945,0.0004908468937369075,1748944251.859722
3603,0.042400043457746506,-1.283421516418457,0.0,2.135873794555664,0.9248735372645945,0.0004908443760279426,1748944251.9226592
3604,0.046333033591508865,-1.1448228359222412,0.0,2.27774977684021,0.9248735372645945,0.0004908418583318918,1748944251.9818852
3605,0.048189252614974976,-1.0694935321807861,0.0,2.68407940864563,0.9248735372645945,0.000490839340648755,1748944252.0409791
3606,0.030365031212568283,-1.1430859565734863,0.0,1.9432001113891602,0.9248735372645945,0.0004908368229785324,1748944252.0997362
3607,0.04545620456337929,-0.9796974658966064,0.0,3.481762409210205,0.9248735372645945,0.0004908343053212236,1748944252.1586971
3608,0.05032753571867943,-1.0804270505905151,0.0,2.4850144386291504,0.9248735372645945,0.0004908317876768287,1748944252.2219663
3609,0.05973314493894577,-1.263042688369751,0.0,3.062077045440674,0.9248735372645945,0.0004908292700453475,1748944252.2832778
3610,0.032900504767894745,-1.2490191459655762,0.0,2.232682943344116,0.9248735372645945,0.0004908267524267801,1748944252.3464985
3611,0.051600247621536255,-1.3464670181274414,0.0,3.7584002017974854,0.9248735372645945,0.0004908242348211265,1748944252.4070437
3612,0.04221682250499725,-1.083786129951477,0.0,2.816739082336426,0.9248735372645945,0.0004908217172283863,1748944252.4651387
3613,0.049329109489917755,-1.0818392038345337,0.0,3.518040895462036,0.9248735372645945,0.0004908191996485597,1748944252.5254254
3614,0.0400395393371582,-1.1952271461486816,0.0,2.659393072128296,0.9248735372645945,0.0004908166820816465,1748944252.5877936
3615,0.08294905722141266,-1.4844322204589844,0.0,2.498173475265503,0.9248735372645945,0.0004908141645276468,1748944252.6509798
3616,0.04369457811117172,-1.4453191757202148,0.0,2.795856237411499,0.9248735372645945,0.0004908116469865604,1748944252.717005
3617,0.08146603405475616,-0.8137248158454895,0.0,4.119423866271973,0.9248735372645945,0.0004908091294583872,1748944252.785628
3618,0.08266079425811768,-1.0671772956848145,0.0,4.45005464553833,0.9248735372645945,0.0004908066119431273,1748944252.8503697
3619,0.0474812313914299,-1.0401091575622559,0.0,3.533612012863159,0.9248735372645945,0.0004908040944407805,1748944252.9127152
3620,0.031075576320290565,-1.278268575668335,0.0,1.6013250350952148,0.9248735372645945,0.0004908015769513467,1748944252.972738
3621,0.06076887249946594,-1.378049612045288,0.0,3.44206166267395,0.9248735372645945,0.000490799059474826,1748944253.0330696
3622,0.06430450081825256,-1.5827505588531494,0.0,3.7764432430267334,0.9248735372645945,0.0004907965420112182,1748944253.0955284
3623,0.06433521211147308,-1.185259222984314,0.0,4.43674898147583,0.9248735372645945,0.0004907940245605232,1748944253.1567488
3624,0.05852565914392471,-1.3336851596832275,0.0,6.194319725036621,0.9248735372645945,0.000490791507122741,1748944253.2165663
3625,0.05914377421140671,-1.2842614650726318,0.0,3.8738112449645996,0.9248735372645945,0.0004907889896978716,1748944253.2798367
3626,0.08011758327484131,-1.4120092391967773,0.0,3.885871410369873,0.9248735372645945,0.0004907864722859149,1748944253.3408086
3627,0.04507987201213837,-1.2426618337631226,0.0,2.1377949714660645,0.9248735372645945,0.0004907839548868707,1748944253.4079304
3628,0.06657415628433228,-1.327096939086914,0.0,3.6217548847198486,0.9248735372645945,0.0004907814375007391,1748944253.4655392
3629,0.06959812343120575,-1.056252360343933,0.0,4.244286060333252,0.9248735372645945,0.00049077892012752,1748944253.523261
3630,0.056643031537532806,-1.3570219278335571,0.0,2.990532875061035,0.9248735372645945,0.0004907764027672132,1748944253.583992
3631,0.03733702749013901,-1.2696590423583984,0.0,2.045361280441284,0.9248735372645945,0.0004907738854198189,1748944253.6451359
3632,0.05569731444120407,-1.6226158142089844,0.0,3.2920734882354736,0.9248735372645945,0.0004907713680853367,1748944253.7085328
3633,0.04801616072654724,-1.3507037162780762,0.0,1.819719910621643,0.9248735372645945,0.0004907688507637668,1748944253.7746189
3634,0.04176992550492287,-1.0811898708343506,0.0,2.8186843395233154,0.9248735372645945,0.0004907663334551089,1748944253.8319037
3635,0.034590236842632294,-1.0300533771514893,0.0,2.1125073432922363,0.9248735372645945,0.0004907638161593633,1748944253.892763
3636,0.07117606699466705,-1.6182684898376465,0.0,2.9419472217559814,0.9248735372645945,0.0004907612988765296,1748944253.9578269
3637,0.04831373319029808,-1.3545197248458862,0.0,4.164989948272705,0.9248735372645945,0.0004907587816066078,1748944254.0150895
3638,0.05111968144774437,-1.3895738124847412,0.0,3.1962218284606934,0.9248735372645945,0.0004907562643495978,1748944254.074714
3639,0.042416516691446304,-1.5179921388626099,0.0,1.8695704936981201,0.9248735372645945,0.0004907537471054998,1748944254.1369896
3640,0.050488561391830444,-1.420583724975586,0.0,1.8587838411331177,0.9248735372645945,0.0004907512298743134,1748944254.200027
3641,0.06313532590866089,-1.6792994737625122,0.0,3.860548973083496,0.9248735372645945,0.0004907487126560387,1748944254.2641857
3642,0.0566272959113121,-1.3701238632202148,0.0,4.457550525665283,0.9248735372645945,0.0004907461954506757,1748944254.3241367
3643,0.04554101824760437,-0.9754776358604431,0.0,1.7869148254394531,0.9248735372645945,0.0004907436782582242,1748944254.3813367
3644,0.07754926383495331,-1.3803825378417969,0.0,4.251966953277588,0.9248735372645945,0.0004907411610786841,1748944254.4406662
3645,0.052101779729127884,-1.0974971055984497,0.0,3.3383548259735107,0.9248735372645945,0.0004907386439120555,1748944254.500716
3646,0.053967297077178955,-0.9335606098175049,0.0,3.3691253662109375,0.9248735372645945,0.0004907361267583383,1748944254.5635338
3647,0.05511477589607239,-1.0674136877059937,0.0,3.180912733078003,0.9248735372645945,0.0004907336096175322,1748944254.6251633
3648,0.03893104940652847,-1.3264192342758179,0.0,2.7503201961517334,0.9248735372645945,0.0004907310924896374,1748944254.6901736
3649,0.07525523006916046,-1.4712587594985962,0.0,3.3547797203063965,0.9248735372645945,0.0004907285753746537,1748944254.748616
3650,0.03835642337799072,-1.364783763885498,0.0,1.5914732217788696,0.9248735372645945,0.0004907260582725811,1748944254.8069005
3651,1.5558793544769287,-1.2957422733306885,0.0,3.8749794960021973,0.9248735372645945,0.0004907235411834196,1748944254.8650196
3652,0.058929409831762314,-1.3513332605361938,0.0,2.7074050903320312,0.9248735372645945,0.0004907210241071689,1748944254.925986
3653,0.038684677332639694,-1.2584847211837769,0.0,1.9770206212997437,0.9248735372645945,0.0004907185070438292,1748944254.987863
3654,0.05246894806623459,-1.3763618469238281,0.0,3.4194953441619873,0.9248735372645945,0.0004907159899934003,1748944255.0509763
3655,0.04849642887711525,-1.0062533617019653,0.0,3.525092840194702,0.9248735372645945,0.0004907134729558822,1748944255.1141493
3656,0.045188821852207184,-1.2369000911712646,0.0,3.005699872970581,0.9248735372645945,0.0004907109559312747,1748944255.1734633
3657,0.038217633962631226,-1.3315924406051636,0.0,1.8522758483886719,0.9248735372645945,0.0004907084389195777,1748944255.232304
3658,0.044129058718681335,-1.2826876640319824,0.0,2.5928454399108887,0.9248735372645945,0.0004907059219207914,1748944255.2905219
3659,0.06684070825576782,-1.6032791137695312,0.0,3.1634275913238525,0.9248735372645945,0.0004907034049349156,1748944255.3486798
3660,0.049435026943683624,-1.4316000938415527,0.0,1.9704900979995728,0.9248735372645945,0.0004907008879619501,1748944255.4098878
3661,0.05525122955441475,-1.4799182415008545,0.0,3.9928390979766846,0.9248735372645945,0.000490698371001895,1748944255.4769633
3662,0.048364922404289246,-1.2076445817947388,0.0,2.6225571632385254,0.9248735372645945,0.0004906958540547503,1748944255.5400558
3663,0.0456368513405323,-1.3624593019485474,0.0,2.723306179046631,0.9248735372645945,0.0004906933371205157,1748944255.5992935
3664,0.08337478339672089,-1.5691896677017212,0.0,4.072482109069824,0.9248735372645945,0.0004906908201991912,1748944255.6577575
3665,0.05293627083301544,-1.3858897686004639,0.0,2.8147501945495605,0.9248735372645945,0.0004906883032907769,1748944255.715144
3666,0.06903091818094254,-1.2486908435821533,0.0,4.280195713043213,0.9248735372645945,0.0004906857863952726,1748944255.773507
3667,0.06472010910511017,-1.0214440822601318,0.0,3.068631410598755,0.9248735372645945,0.0004906832695126782,1748944255.832664
3668,0.04490012675523758,-1.2514517307281494,0.0,2.349686622619629,0.9248735372645945,0.0004906807526429937,1748944255.8955357
3669,0.04284875839948654,-1.154074788093567,0.0,1.7709845304489136,0.9248735372645945,0.000490678235786219,1748944255.9551651
3670,0.0656215250492096,-1.3545691967010498,0.0,4.1155242919921875,0.9248735372645945,0.0004906757189423541,1748944256.0154352
3671,0.04884008318185806,-1.3562774658203125,0.0,2.932626962661743,0.9248735372645945,0.000490673202111399,1748944256.0743997
3672,0.05474632978439331,-1.2219867706298828,0.0,2.5985538959503174,0.9248735372645945,0.0004906706852933533,1748944256.1378045
3673,0.02411102131009102,-1.3889853954315186,0.0,1.3404386043548584,0.9248735372645945,0.0004906681684882173,1748944256.1973114
3674,0.05252769589424133,-1.2363247871398926,0.0,3.4405057430267334,0.9248735372645945,0.0004906656516959907,1748944256.258887
3675,0.04203835502266884,-1.3889219760894775,0.0,2.4883456230163574,0.9248735372645945,0.0004906631349166736,1748944256.3253448
3676,0.08636366575956345,-1.335638403892517,0.0,5.363673210144043,0.9248735372645945,0.0004906606181502659,1748944256.3883653
3677,0.05791129916906357,-1.4852590560913086,0.0,3.657824754714966,0.9248735372645945,0.0004906581013967673,1748944256.4496517
3678,0.04472300782799721,-1.546020746231079,0.0,2.270016670227051,0.9248735372645945,0.0004906555846561781,1748944256.5098412
3679,0.07126905769109726,-1.4366140365600586,0.0,4.522554397583008,0.9248735372645945,0.000490653067928498,1748944256.572631
3680,0.05678499490022659,-1.6358797550201416,0.0,2.69636869430542,0.9248735372645945,0.000490650551213727,1748944256.6323674
3681,0.03486088290810585,-1.1777374744415283,0.0,1.9755233526229858,0.9248735372645945,0.000490648034511865,1748944256.6919398
3682,0.04716811329126358,-1.350288987159729,0.0,2.025972366333008,0.9248735372645945,0.000490645517822912,1748944256.7554796
3683,0.030345655977725983,-1.2291104793548584,0.0,2.501649856567383,0.9248735372645945,0.0004906430011468679,1748944256.815509
3684,0.050523847341537476,-1.2557456493377686,0.0,3.7878901958465576,0.9248735372645945,0.0004906404844837325,1748944256.8735662
3685,0.046461913734674454,-1.6312592029571533,0.0,2.0870885848999023,0.9248735372645945,0.000490637967833506,1748944256.9331799
3686,0.04297826811671257,-1.4423251152038574,0.0,1.8461145162582397,0.9248735372645945,0.0004906354511961882,1748944256.9934835
3687,0.046829044818878174,-1.0711239576339722,0.0,2.46708345413208,0.9248735372645945,0.000490632934571779,1748944257.0557127
3688,0.0971575379371643,-1.1981658935546875,0.0,4.932778358459473,0.9248735372645945,0.0004906304179602783,1748944257.1155956
3689,0.033759403973817825,-0.8334449529647827,0.0,1.6352137327194214,0.9248735372645945,0.0004906279013616861,1748944257.1738265
3690,0.04029244929552078,-1.461045265197754,0.0,2.5170223712921143,0.9248735372645945,0.0004906253847760025,1748944257.2319803
3691,0.05474675074219704,-1.5231984853744507,0.0,4.439196586608887,0.9248735372645945,0.0004906228682032271,1748944257.2918065
3692,0.042460039258003235,-1.3404617309570312,0.0,2.828834056854248,0.9248735372645945,0.00049062035164336,1748944257.3544972
3693,0.05026421695947647,-1.2546401023864746,0.0,4.040430068969727,0.9248735372645945,0.0004906178350964012,1748944257.4155478
3694,0.04057791829109192,-1.1661443710327148,0.0,2.88601016998291,0.9248735372645945,0.0004906153185623506,1748944257.474671
3695,0.05243402719497681,-1.47072434425354,0.0,5.689165115356445,0.9248735372645945,0.0004906128020412079,1748944257.5324268
3696,0.049518853425979614,-1.3280251026153564,0.0,2.173654079437256,0.9248735372645945,0.0004906102855329734,1748944257.593984
3697,0.0533238984644413,-1.2594480514526367,0.0,3.6854591369628906,0.9248735372645945,0.0004906077690376468,1748944257.654382
3698,0.042922332882881165,-1.0553431510925293,0.0,3.0531506538391113,0.9248735372645945,0.0004906052525552282,1748944257.7147992
3699,0.04871644452214241,-1.6116623878479004,0.0,3.0336239337921143,0.9248735372645945,0.0004906027360857174,1748944257.7748497
3700,0.06339368224143982,-1.5517573356628418,0.0,2.8098483085632324,0.9248735372645945,0.0004906002196291143,1748944257.8357396
3701,0.04496148228645325,-1.2951717376708984,0.0,2.785637617111206,0.9248735372645945,0.0004905977031854189,1748944257.8981621
3702,0.05187679082155228,-1.4442875385284424,0.0,2.8290553092956543,0.9248735372645945,0.0004905951867546312,1748944257.957842
3703,0.03278576582670212,-1.3014075756072998,0.0,2.094534158706665,0.9248735372645945,0.000490592670336751,1748944258.0157654
3704,0.04489918798208237,-1.0663700103759766,0.0,2.2443413734436035,0.9248735372645945,0.0004905901539317784,1748944258.075871
3705,0.06918173283338547,-1.1117234230041504,0.0,5.920445442199707,0.9248735372645945,0.0004905876375397131,1748944258.1372943
3706,0.05133681371808052,-1.3692470788955688,0.0,2.814072608947754,0.9248735372645945,0.0004905851211605553,1748944258.1993368
3707,0.06240943446755409,-1.645836353302002,0.0,4.122962474822998,0.9248735372645945,0.0004905826047943047,1748944258.25982
3708,0.07673434913158417,-1.3676719665527344,0.0,3.45654296875,0.9248735372645945,0.0004905800884409615,1748944258.32391
3709,0.06864088773727417,-1.4296281337738037,0.0,2.6320691108703613,0.9248735372645945,0.0004905775721005253,1748944258.383256
3710,0.039700623601675034,-1.126157283782959,0.0,2.359583854675293,0.9248735372645945,0.0004905750557729963,1748944258.4477212
3711,0.07602381706237793,-1.202329158782959,0.0,2.2831759452819824,0.9248735372645945,0.0004905725394583743,1748944258.5071244
3712,0.05100284889340401,-1.1367504596710205,0.0,2.495727062225342,0.9248735372645945,0.0004905700231566593,1748944258.571109
3713,0.06017983704805374,-1.5190725326538086,0.0,2.9427924156188965,0.9248735372645945,0.0004905675068678512,1748944258.6304612
3714,0.06297971308231354,-1.412695288658142,0.0,2.2297632694244385,0.9248735372645945,0.0004905649905919499,1748944258.690946
3715,0.05074481666088104,-1.1043888330459595,0.0,2.912172317504883,0.9248735372645945,0.0004905624743289555,1748944258.75009
3716,0.06328935921192169,-1.2701025009155273,0.0,4.716026306152344,0.9248735372645945,0.0004905599580788677,1748944258.8131602
3717,0.061024900525808334,-1.5664736032485962,0.0,2.4432315826416016,0.9248735372645945,0.0004905574418416866,1748944258.872917
3718,0.06000947952270508,-1.3173766136169434,0.0,4.0053181648254395,0.9248735372645945,0.000490554925617412,1748944258.932091
3719,0.0486433282494545,-1.1807823181152344,0.0,4.388823986053467,0.9248735372645945,0.0004905524094060439,1748944258.9916484
3720,0.051433563232421875,-1.4445006847381592,0.0,4.012685775756836,0.9248735372645945,0.0004905498932075823,1748944259.0542684
3721,0.06442710012197495,-1.2502124309539795,0.0,2.5208795070648193,0.9248735372645945,0.000490547377022027,1748944259.1145432
3722,0.06447610259056091,-1.5486385822296143,0.0,4.01662540435791,0.9248735372645945,0.0004905448608493782,1748944259.1741154
3723,0.07178302109241486,-1.3062118291854858,0.0,4.555233955383301,0.9248735372645945,0.0004905423446896355,1748944259.2341874
3724,0.06247269734740257,-0.9446282386779785,0.0,4.928988933563232,0.9248735372645945,0.0004905398285427989,1748944259.295147
3725,0.04922161623835564,-0.9469307661056519,0.0,2.6829652786254883,0.9248735372645945,0.0004905373124088686,1748944259.3554997
3726,0.06081685051321983,-1.4237465858459473,0.0,2.3694186210632324,0.9248735372645945,0.0004905347962878443,1748944259.4152627
3727,0.0613335482776165,-1.4570274353027344,0.0,3.230414390563965,0.9248735372645945,0.0004905322801797259,1748944259.4768
3728,0.06721147894859314,-1.330970287322998,0.0,5.942397594451904,0.9248735372645945,0.0004905297640845135,1748944259.5380194
3729,0.06507028639316559,-1.5848840475082397,0.0,3.645029306411743,0.9248735372645945,0.0004905272480022069,1748944259.5989413
3730,0.04681666940450668,-1.4041215181350708,0.0,2.6994903087615967,0.9248735372645945,0.000490524731932806,1748944259.6566792
3731,0.051977649331092834,-1.3827790021896362,0.0,2.492710828781128,0.9248735372645945,0.0004905222158763109,1748944259.7159176
3732,0.04767243191599846,-1.5052146911621094,0.0,3.4127371311187744,0.9248735372645945,0.0004905196998327215,1748944259.7776883
3733,0.08606098592281342,-1.462024450302124,0.0,3.308133125305176,0.9248735372645945,0.0004905171838020377,1748944259.8393486
3734,0.043573297560214996,-1.3988662958145142,0.0,1.9261131286621094,0.9248735372645945,0.0004905146677842594,1748944259.899935
3735,0.05281808227300644,-1.5497536659240723,0.0,1.9870214462280273,0.9248735372645945,0.0004905121517793865,1748944259.9627995
3736,0.04959234967827797,-1.3060429096221924,0.0,2.44976544380188,0.9248735372645945,0.0004905096357874189,1748944260.0234933
3737,1.5633991956710815,-1.4329140186309814,0.0,2.72338604927063,0.9248735372645945,0.0004905071198083568,1748944260.0831037
3738,0.06341753900051117,-1.571517825126648,0.0,3.4633774757385254,0.9248735372645945,0.0004905046038421998,1748944260.1457741
3739,0.062160857021808624,-1.1579550504684448,0.0,2.6427242755889893,0.9248735372645945,0.000490502087888948,1748944260.206851
3740,0.04626808315515518,-1.3633620738983154,0.0,1.869367241859436,0.9248735372645945,0.0004904995719486015,1748944260.2655644
3741,0.0610772967338562,-1.1619997024536133,0.0,3.0955235958099365,0.9248735372645945,0.0004904970560211598,1748944260.324834
3742,0.039704300463199615,-1.4107329845428467,0.0,2.9945170879364014,0.9248735372645945,0.0004904945401066232,1748944260.3831034
3743,0.04424981027841568,-1.2043819427490234,0.0,2.325730562210083,0.9248735372645945,0.0004904920242049917,1748944260.4466908
3744,0.04843238741159439,-1.1833711862564087,0.0,2.1425905227661133,0.9248735372645945,0.0004904895083162647,1748944260.5065444
3745,0.08606772869825363,-1.2884119749069214,0.0,3.10514235496521,0.9248735372645945,0.0004904869924404428,1748944260.5655231
3746,0.04007294401526451,-1.4305388927459717,0.0,2.4346773624420166,0.9248735372645945,0.0004904844765775254,1748944260.623899
3747,1.5484137535095215,-1.440566897392273,0.0,2.9151060581207275,0.9248735372645945,0.0004904819607275128,1748944260.6841393
3748,0.03894567862153053,-1.3935402631759644,0.0,2.2813568115234375,0.9248735372645945,0.0004904794448904047,1748944260.7476075
3749,0.046921610832214355,-1.444616436958313,0.0,2.072208881378174,0.9248735372645945,0.0004904769290662012,1748944260.8079882
3750,0.0401727557182312,-1.1736586093902588,0.0,1.8802599906921387,0.9248735372645945,0.0004904744132549022,1748944260.8652608
3751,0.07382570207118988,-1.4313085079193115,0.0,3.0473272800445557,0.9248735372645945,0.0004904718974565075,1748944260.926634
3752,0.03145989403128624,-1.1964867115020752,0.0,1.3772039413452148,0.9248735372645945,0.0004904693816710172,1748944260.9898467
3753,0.039393484592437744,-1.3753305673599243,0.0,1.826527714729309,0.9248735372645945,0.000490466865898431,1748944261.0499187
3754,0.042636629194021225,-1.6943602561950684,0.0,1.6233948469161987,0.9216035549668216,0.0004904643501387491,1748944261.1098118
3755,0.0459345243871212,-1.3263895511627197,0.0,3.3233916759490967,0.9216035549668216,0.0004904618343919713,1748944261.170716
3756,0.04315639287233353,-0.8850550651550293,0.0,2.758051633834839,0.9216035549668216,0.0004904593186580976,1748944261.2316275
3757,0.02763008140027523,-1.3351839780807495,0.0,1.4864208698272705,0.9216035549668216,0.0004904568029371279,1748944261.2913158
3758,1.5538569688796997,-1.370694637298584,0.0,3.3108010292053223,0.9216035549668216,0.0004904542872290621,1748944261.3499136
3759,0.0480104498565197,-0.9395068883895874,0.0,3.036438226699829,0.9216035549668216,0.0004904517715339002,1748944261.4095924
3760,0.03488634526729584,-1.4332261085510254,0.0,2.37488055229187,0.9216035549668216,0.0004904492558516421,1748944261.4728029
3761,0.05801934748888016,-1.458226203918457,0.0,2.9928512573242188,0.9216035549668216,0.0004904467401822877,1748944261.5349874
3762,0.038783781230449677,-1.389797329902649,0.0,1.7787054777145386,0.9216035549668216,0.000490444224525837,1748944261.599303
3763,0.03420872613787651,-1.603240728378296,0.0,2.099479913711548,0.9216035549668216,0.0004904417088822898,1748944261.6656506
3764,0.04164671152830124,-1.589134693145752,0.0,3.1996853351593018,0.9216035549668216,0.0004904391932516462,1748944261.7234218
3765,0.031310200691223145,-1.0992283821105957,0.0,2.194927930831909,0.9216035549668216,0.000490436677633906,1748944261.7869565
3766,0.03463870286941528,-1.0240622758865356,0.0,2.1310346126556396,0.9216035549668216,0.0004904341620290693,1748944261.847801
3767,1.5601061582565308,-1.3663012981414795,0.0,2.462808132171631,0.9216035549668216,0.0004904316464371359,1748944261.9065945
3768,0.040872566401958466,-1.4057401418685913,0.0,1.6792235374450684,0.9216035549668216,0.0004904291308581057,1748944261.9654715
3769,0.04445226117968559,-1.2512325048446655,0.0,1.747798204421997,0.9216035549668216,0.0004904266152919788,1748944262.0239127
3770,0.04512456804513931,-1.3208158016204834,0.0,2.5122601985931396,0.9216035549668216,0.0004904240997387551,1748944262.0824826
3771,0.05655735358595848,-1.440337061882019,0.0,2.8578391075134277,0.9216035549668216,0.0004904215841984342,1748944262.1432128
3772,1.5472979545593262,-1.4621771574020386,0.0,2.862173318862915,0.9216035549668216,0.0004904190686710165,1748944262.2053442
3773,1.570703387260437,-1.308850646018982,0.0,3.4296586513519287,0.9216035549668216,0.0004904165531565016,1748944262.26661
3774,0.04735523834824562,-1.2327766418457031,0.0,1.9155257940292358,0.9216035549668216,0.0004904140376548898,1748944262.3291223
3775,0.033019982278347015,-1.3434288501739502,0.0,1.7391726970672607,0.9216035549668216,0.0004904115221661806,1748944262.391539
3776,0.05322067067027092,-1.213348388671875,0.0,2.503255844116211,0.9216035549668216,0.0004904090066903743,1748944262.4551742
3777,0.06342115998268127,-1.4084978103637695,0.0,4.075791835784912,0.9216035549668216,0.0004904064912274705,1748944262.5153117
3778,0.0522727333009243,-1.5700616836547852,0.0,3.0121798515319824,0.9216035549668216,0.0004904039757774694,1748944262.5732806
3779,0.049470797181129456,-1.6334712505340576,0.0,2.6578705310821533,0.9216035549668216,0.0004904014603403708,1748944262.6328037
3780,0.0510086789727211,-1.3911819458007812,0.0,3.0646986961364746,0.9216035549668216,0.0004903989449161747,1748944262.6924734
3781,0.04787825420498848,-1.0021388530731201,0.0,3.3063719272613525,0.9216035549668216,0.000490396429504881,1748944262.7578287
3782,0.06466969847679138,-1.291142463684082,0.0,4.9609761238098145,0.9216035549668216,0.0004903939141064896,1748944262.814883
3783,0.05438140034675598,-1.2315433025360107,0.0,3.7492098808288574,0.9216035549668216,0.0004903913987210006,1748944262.8734798
3784,0.041508857160806656,-1.2888553142547607,0.0,1.5565085411071777,0.9216035549668216,0.0004903888833484136,1748944262.9377048
3785,0.03442148119211197,-1.4795637130737305,0.0,2.170224189758301,0.9216035549668216,0.0004903863679887289,1748944262.9996753
3786,0.056765519082546234,-1.7644188404083252,0.0,2.6878082752227783,0.9216035549668216,0.0004903838526419462,1748944263.0649326
3787,0.032874695956707,-1.5674967765808105,0.0,2.322091817855835,0.9216035549668216,0.0004903813373080656,1748944263.123845
3788,0.05034080147743225,-1.5112203359603882,0.0,3.242321491241455,0.9216035549668216,0.000490378821987087,1748944263.1823075
3789,0.05200605094432831,-1.4136967658996582,0.0,3.8238444328308105,0.9216035549668216,0.00049037630667901,1748944263.2412946
3790,0.03462523594498634,-1.1385852098464966,0.0,1.9525424242019653,0.9216035549668216,0.0004903737913838351,1748944263.304905
3791,0.05189405381679535,-1.2849984169006348,0.0,3.3498544692993164,0.9216035549668216,0.0004903712761015618,1748944263.36525
3792,0.07389980554580688,-1.0890064239501953,0.0,1.8689525127410889,0.9216035549668216,0.0004903687608321901,1748944263.4245777
3793,0.06147950142621994,-1.1719374656677246,0.0,2.7189767360687256,0.9216035549668216,0.0004903662455757201,1748944263.4877765
3794,0.057372190058231354,-1.2106181383132935,0.0,3.031851053237915,0.9216035549668216,0.0004903637303321518,1748944263.54811
3795,0.06308802962303162,-1.4819170236587524,0.0,3.6510815620422363,0.9216035549668216,0.0004903612151014848,1748944263.607855
3796,0.06115427613258362,-1.434098720550537,0.0,2.295794725418091,0.9216035549668216,0.0004903586998837192,1748944263.6700788
3797,0.043726399540901184,-1.3328958749771118,0.0,2.57248854637146,0.9216035549668216,0.0004903561846788551,1748944263.7298763
3798,0.05668414384126663,-1.3571643829345703,0.0,2.6336328983306885,0.9216035549668216,0.0004903536694868922,1748944263.789532
3799,0.04499004781246185,-1.574759840965271,0.0,2.325669050216675,0.9216035549668216,0.0004903511543078305,1748944263.8489273
3800,0.058141469955444336,-1.1401598453521729,0.0,4.8478875160217285,0.9216035549668216,0.0004903486391416699,1748944263.9066021
3801,0.0374339297413826,-1.316308617591858,0.0,1.833699345588684,0.9216035549668216,0.0004903461239884104,1748944263.9653735
3802,0.06358534097671509,-1.301032304763794,0.0,2.359069585800171,0.9216035549668216,0.0004903436088480519,1748944264.0245173
3803,0.03698108345270157,-1.5940039157867432,0.0,1.8498774766921997,0.9216035549668216,0.0004903410937205945,1748944264.0834
3804,0.034381721168756485,-1.2597012519836426,0.0,1.9673383235931396,0.9216035549668216,0.0004903385786060379,1748944264.1469965
3805,0.05044139176607132,-1.3428776264190674,0.0,2.9078924655914307,0.9216035549668216,0.000490336063504382,1748944264.2079113
3806,1.5638054609298706,-1.3914382457733154,0.0,3.8051834106445312,0.9216035549668216,0.000490333548415627,1748944264.2671921
3807,0.03802373260259628,-1.1053533554077148,0.0,2.3364956378936768,0.9216035549668216,0.0004903310333397726,1748944264.3297653
3808,0.038351405411958694,-1.381065845489502,0.0,2.5987682342529297,0.9216035549668216,0.0004903285182768189,1748944264.390021
3809,0.06129831820726395,-1.4363512992858887,0.0,2.712944984436035,0.9216035549668216,0.0004903260032267657,1748944264.4504268
3810,0.03498505428433418,-1.4266502857208252,0.0,2.6309714317321777,0.9216035549668216,0.000490323488189613,1748944264.5137906
3811,1.5433893203735352,-1.5441937446594238,0.0,2.84082293510437,0.9216035549668216,0.0004903209731653607,1748944264.5747786
3812,0.05698615312576294,-1.3880620002746582,0.0,3.810751438140869,0.9216035549668216,0.0004903184581540088,1748944264.6342309
3813,0.03753039240837097,-1.49237859249115,0.0,1.6348804235458374,0.9216035549668216,0.0004903159431555571,1748944264.6979957
3814,0.05137622728943825,-1.2308671474456787,0.0,2.964155673980713,0.9216035549668216,0.0004903134281700057,1748944264.7581074
3815,0.029406599700450897,-1.1564064025878906,0.0,1.4072636365890503,0.9216035549668216,0.0004903109131973544,1748944264.815885
3816,0.04876042902469635,-1.3032011985778809,0.0,2.965273380279541,0.9216035549668216,0.0004903083982376032,1748944264.8740346
3817,0.03578298166394234,-1.1660561561584473,0.0,2.261470317840576,0.9216035549668216,0.0004903058832907521,1748944264.9343803
3818,0.04040578752756119,-1.1845135688781738,0.0,2.3012542724609375,0.9216035549668216,0.0004903033683568009,1748944264.9955218
3819,0.05123097449541092,-1.5483648777008057,0.0,2.547994375228882,0.9216035549668216,0.0004903008534357496,1748944265.0568936
3820,0.037457291036844254,-1.3291714191436768,0.0,1.9142359495162964,0.9216035549668216,0.0004902983385275981,1748944265.1167352
3821,0.04888361692428589,-1.3054516315460205,0.0,2.5756077766418457,0.9216035549668216,0.0004902958236323464,1748944265.1819851
3822,0.05416363105177879,-1.301954984664917,0.0,2.6722073554992676,0.9216035549668216,0.0004902933087499944,1748944265.241867
3823,0.043812982738018036,-1.0555949211120605,0.0,2.6380460262298584,0.9216035549668216,0.000490290793880542,1748944265.305287
3824,0.04345948249101639,-1.538734793663025,0.0,2.8219785690307617,0.9216035549668216,0.0004902882790239892,1748944265.3655155
3825,0.03421007841825485,-1.4351526498794556,0.0,1.5039856433868408,0.9216035549668216,0.0004902857641803358,1748944265.4237657
3826,0.04248560965061188,-1.5050179958343506,0.0,2.422332286834717,0.9216035549668216,0.0004902832493495819,1748944265.484401
3827,0.05564773827791214,-1.4027702808380127,0.0,3.3731884956359863,0.9216035549668216,0.0004902807345317274,1748944265.547728
3828,0.05134391039609909,-1.5236331224441528,0.0,1.7154573202133179,0.9216035549668216,0.0004902782197267721,1748944265.606703
3829,0.050125282257795334,-1.2077035903930664,0.0,2.458925247192383,0.9216035549668216,0.0004902757049347162,1748944265.6666422
3830,0.062030911445617676,-1.0459502935409546,0.0,2.4696578979492188,0.9216035549668216,0.0004902731901555593,1748944265.7269619
3831,0.05590405315160751,-1.2030088901519775,0.0,4.371692180633545,0.9216035549668216,0.0004902706753893015,1748944265.7882478
3832,0.06239860877394676,-1.211639404296875,0.0,2.5027170181274414,0.9216035549668216,0.0004902681606359428,1748944265.8493345
3833,0.027542544528841972,-1.1472687721252441,0.0,1.3202524185180664,0.9216035549668216,0.000490265645895483,1748944265.9069786
3834,0.05389421433210373,-1.5550612211227417,0.0,2.7960023880004883,0.9216035549668216,0.0004902631311679221,1748944265.9668465
3835,0.043931469321250916,-1.638078212738037,0.0,2.5430948734283447,0.9216035549668216,0.0004902606164532601,1748944266.0297256
3836,0.047536589205265045,-1.449188470840454,0.0,4.741658687591553,0.9216035549668216,0.0004902581017514968,1748944266.0900645
3837,0.04374076426029205,-1.449481725692749,0.0,2.5379011631011963,0.9216035549668216,0.0004902555870626323,1748944266.1492634
3838,0.0351361408829689,-1.3024511337280273,0.0,2.255495071411133,0.9216035549668216,0.0004902530723866663,1748944266.2068937
3839,0.04434633627533913,-1.7900722026824951,0.0,2.0400242805480957,0.9216035549668216,0.000490250557723599,1748944266.2655237
3840,0.03592539578676224,-1.2238905429840088,0.0,1.801888346672058,0.9216035549668216,0.0004902480430734301,1748944266.3246443
3841,0.050553955137729645,-1.1126219034194946,0.0,2.7567694187164307,0.9216035549668216,0.0004902455284361597,1748944266.3826861
3842,0.05607328936457634,-1.1897289752960205,0.0,3.111299514770508,0.9216035549668216,0.0004902430138117877,1748944266.4412103
3843,0.055851180106401443,-1.4074004888534546,0.0,4.549610614776611,0.9216035549668216,0.000490240499200314,1748944266.5010703
3844,1.5206931829452515,-1.5564279556274414,0.0,1.540412425994873,0.9216035549668216,0.0004902379846017384,1748944266.5649815
3845,0.033387191593647,-1.2338160276412964,0.0,2.945338487625122,0.9216035549668216,0.000490235470016061,1748944266.6241293
3846,0.07849516719579697,-1.8474467992782593,0.0,3.774613618850708,0.9216035549668216,0.0004902329554432818,1748944266.6818123
3847,0.05707310140132904,-1.6185215711593628,0.0,3.657496690750122,0.9216035549668216,0.0004902304408834007,1748944266.7412403
3848,0.03829736262559891,-1.386142611503601,0.0,1.3723139762878418,0.9216035549668216,0.0004902279263364175,1748944266.799068
3849,0.05914229154586792,-1.084688425064087,0.0,2.087641477584839,0.9216035549668216,0.0004902254118023321,1748944266.8577538
3850,0.05884305015206337,-1.4232842922210693,0.0,2.418348789215088,0.9216035549668216,0.0004902228972811446,1748944266.9212902
3851,0.04031771421432495,-1.366721272468567,0.0,2.2910094261169434,0.9216035549668216,0.000490220382772855,1748944266.9832046
3852,0.03549090772867203,-1.1785781383514404,0.0,2.793437957763672,0.9216035549668216,0.000490217868277463,1748944267.0452962
3853,0.03815474361181259,-1.4285534620285034,0.0,2.3944780826568604,0.9216035549668216,0.0004902153537949686,1748944267.1069603
3854,0.046542711555957794,-1.1988998651504517,0.0,1.7287954092025757,0.9216035549668216,0.0004902128393253719,1748944267.1679053
3855,0.04746921360492706,-1.2268035411834717,0.0,2.912252426147461,0.9216035549668216,0.0004902103248686726,1748944267.2306108
3856,0.040971189737319946,-1.277279257774353,0.0,2.5740585327148438,0.9216035549668216,0.0004902078104248708,1748944267.2921908
3857,0.043228402733802795,-1.6158969402313232,0.0,1.9645975828170776,0.9216035549668216,0.0004902052959939663,1748944267.3544378
3858,0.0439954549074173,-1.22274649143219,0.0,2.8243813514709473,0.9216035549668216,0.0004902027815759591,1748944267.4147174
3859,0.039901234209537506,-1.4356203079223633,0.0,1.7542041540145874,0.9216035549668216,0.0004902002671708492,1748944267.4765732
3860,0.0545656755566597,-1.546339988708496,0.0,2.4118146896362305,0.9216035549668216,0.0004901977527786366,1748944267.5521305
3861,0.030818823724985123,-1.2025569677352905,0.0,2.8216898441314697,0.9216035549668216,0.0004901952383993209,1748944267.6307912
3862,0.037490732967853546,-1.232654094696045,0.0,1.9379690885543823,0.9216035549668216,0.0004901927240329024,1748944267.6920705
3863,0.04315996542572975,-1.461030125617981,0.0,1.8904778957366943,0.9216035549668216,0.0004901902096793809,1748944267.7590487
3864,0.057155221700668335,-1.3209012746810913,0.0,3.5529730319976807,0.9216035549668216,0.0004901876953387562,1748944267.8248394
3865,0.03547411412000656,-1.544533371925354,0.0,1.404083251953125,0.9216035549668216,0.0004901851810110284,1748944267.8854725
3866,0.04236900061368942,-1.673755168914795,0.0,2.4541854858398438,0.9216035549668216,0.0004901826666961974,1748944267.9503157
3867,0.06071803718805313,-1.5257078409194946,0.0,2.772817850112915,0.9216035549668216,0.000490180152394263,1748944268.0167108
3868,0.041923828423023224,-1.556870460510254,0.0,2.386420965194702,0.9216035549668216,0.0004901776381052254,1748944268.0759797
3869,0.03297203779220581,-1.167663335800171,0.0,1.9827823638916016,0.9216035549668216,0.0004901751238290844,1748944268.1428611
3870,0.033957596868276596,-1.2680082321166992,0.0,2.2028310298919678,0.9216035549668216,0.0004901726095658398,1748944268.2087324
3871,0.03828318789601326,-1.4039666652679443,0.0,1.281175136566162,0.9216035549668216,0.0004901700953154917,1748944268.276779
3872,0.03846851736307144,-1.069234848022461,0.0,2.507242202758789,0.9216035549668216,0.00049016758107804,1748944268.3438663
3873,0.05231686681509018,-1.4471465349197388,0.0,2.4860048294067383,0.9216035549668216,0.0004901650668534845,1748944268.4088607
3874,0.042454008013010025,-1.3193379640579224,0.0,1.5922549962997437,0.9216035549668216,0.0004901625526418255,1748944268.4727132
3875,0.04188770055770874,-1.4620825052261353,0.0,1.7609941959381104,0.9216035549668216,0.0004901600384430624,1748944268.5346012
3876,0.039600931107997894,-1.5298428535461426,0.0,2.152987241744995,0.9216035549668216,0.0004901575242571957,1748944268.5989296
3877,0.05828089639544487,-1.292114496231079,0.0,3.0872585773468018,0.9216035549668216,0.0004901550100842248,1748944268.6589916
3878,0.043925125151872635,-1.4007247686386108,0.0,1.9342316389083862,0.9216035549668216,0.00049015249592415,1748944268.7236552
3879,0.05511116981506348,-1.510351300239563,0.0,2.3493926525115967,0.9216035549668216,0.0004901499817769712,1748944268.7837806
3880,0.043295618146657944,-1.6155898571014404,0.0,1.634367823600769,0.9216035549668216,0.0004901474676426882,1748944268.8509655
3881,0.052000850439071655,-1.4019992351531982,0.0,2.239532232284546,0.9216035549668216,0.000490144953521301,1748944268.9167178
3882,0.02457943931221962,-1.1987969875335693,0.0,1.5967187881469727,0.9216035549668216,0.0004901424394128095,1748944268.9839306
3883,0.047446366399526596,-1.140846610069275,0.0,2.245337963104248,0.9216035549668216,0.0004901399253172136,1748944269.046326
3884,0.03042495995759964,-1.4661240577697754,0.0,1.8948688507080078,0.9216035549668216,0.0004901374112345133,1748944269.1053782
3885,0.03760381042957306,-1.6491426229476929,0.0,1.7824058532714844,0.9216035549668216,0.0004901348971647086,1748944269.1656594
3886,0.068036749958992,-1.3925750255584717,0.0,2.2749409675598145,0.9216035549668216,0.0004901323831077994,1748944269.224158
3887,0.040040429681539536,-1.006217360496521,0.0,2.273069381713867,0.9216035549668216,0.0004901298690637855,1748944269.2837143
3888,0.08309030532836914,-1.320195198059082,0.0,5.652671813964844,0.9216035549668216,0.0004901273550326669,1748944269.3458931
3889,0.04126417636871338,-1.3126206398010254,0.0,3.733982801437378,0.9216035549668216,0.0004901248410144436,1748944269.406702
3890,0.05437011271715164,-1.1013679504394531,0.0,2.041048526763916,0.9216035549668216,0.0004901223270091155,1748944269.4654543
3891,0.056529466062784195,-1.3915722370147705,0.0,5.86126708984375,0.9216035549668216,0.0004901198130166825,1748944269.5239599
3892,0.038293108344078064,-1.4486273527145386,0.0,1.8508697748184204,0.9216035549668216,0.0004901172990371446,1748944269.5821862
3893,0.04806312173604965,-1.465423583984375,0.0,2.7743263244628906,0.9216035549668216,0.0004901147850705018,1748944269.640489
3894,0.030699849128723145,-1.526498556137085,0.0,1.8299063444137573,0.9216035549668216,0.0004901122711167537,1748944269.6993747
3895,0.06398015469312668,-1.6392607688903809,0.0,3.111260414123535,0.9216035549668216,0.0004901097571759007,1748944269.757695
3896,0.04673338308930397,-1.3960142135620117,0.0,2.0641915798187256,0.9216035549668216,0.0004901072432479423,1748944269.8165574
3897,0.04227645695209503,-1.290071964263916,0.0,2.3483119010925293,0.9216035549668216,0.0004901047293328787,1748944269.8798523
3898,0.038517992943525314,-1.3539836406707764,0.0,1.9908850193023682,0.9216035549668216,0.0004901022154307098,1748944269.9405236
3899,0.04311707615852356,-1.1557115316390991,0.0,3.4065911769866943,0.9216035549668216,0.0004900997015414355,1748944270.001601
3900,0.054570041596889496,-1.3587799072265625,0.0,2.3721325397491455,0.9216035549668216,0.0004900971876650557,1748944270.0634768
3901,0.05268920958042145,-1.3482792377471924,0.0,4.027188777923584,0.9216035549668216,0.0004900946738015704,1748944270.123668
3902,0.042322415858507156,-1.8867099285125732,0.0,3.73105788230896,0.9216035549668216,0.0004900921599509795,1748944270.1831746
3903,0.044785693287849426,-1.3477375507354736,0.0,3.1825761795043945,0.9216035549668216,0.000490089646113283,1748944270.243667
3904,0.06039004400372505,-1.1129422187805176,0.0,4.101659297943115,0.9216035549668216,0.0004900871322884806,1748944270.3045235
3905,0.05657418444752693,-1.520143747329712,0.0,3.2777624130249023,0.9216035549668216,0.0004900846184765725,1748944270.3652928
3906,0.04634565860033035,-1.714889407157898,0.0,3.018475294113159,0.9216035549668216,0.0004900821046775586,1748944270.4244525
3907,0.05642087757587433,-1.3402724266052246,0.0,2.693445920944214,0.9216035549668216,0.0004900795908914386,1748944270.4817426
3908,0.06796056032180786,-1.3143978118896484,0.0,6.021353721618652,0.9216035549668216,0.0004900770771182128,1748944270.5409136
3909,0.056702129542827606,-1.4523391723632812,0.0,3.776430130004883,0.9216035549668216,0.0004900745633578807,1748944270.599031
3910,0.06611570715904236,-1.8252787590026855,0.0,3.022892475128174,0.9216035549668216,0.0004900720496104426,1748944270.658169
3911,0.05983715504407883,-1.574643850326538,0.0,2.272749662399292,0.9216035549668216,0.0004900695358758983,1748944270.7152872
3912,0.05094049870967865,-1.5530400276184082,0.0,4.03006649017334,0.9216035549668216,0.0004900670221542478,1748944270.7799544
3913,0.03519821912050247,-1.559443473815918,0.0,2.2055509090423584,0.9216035549668216,0.0004900645084454909,1748944270.840735
3914,0.04166322946548462,-1.1502556800842285,0.0,3.4914703369140625,0.918345794760325,0.0004900619947496277,1748944270.8989508
3915,1.5527994632720947,-1.27745521068573,0.0,2.359312057495117,0.918345794760325,0.0004900594810666579,1748944270.9595983
3916,0.0505237802863121,-1.4325883388519287,0.0,3.1897504329681396,0.918345794760325,0.0004900569673965818,1748944271.0214343
3917,0.06279801577329636,-1.3579682111740112,0.0,4.033699989318848,0.918345794760325,0.0004900544537393989,1748944271.082223
3918,0.0493166409432888,-1.1851518154144287,0.0,1.643112301826477,0.918345794760325,0.0004900519400951094,1748944271.1433787
3919,0.03233252465724945,-1.5520585775375366,0.0,1.073610782623291,0.918345794760325,0.0004900494264637132,1748944271.2087796
3920,1.5527546405792236,-1.3033283948898315,0.0,3.075226306915283,0.918345794760325,0.0004900469128452102,1748944271.2740972
3921,0.048564061522483826,-1.3743407726287842,0.0,3.256706476211548,0.918345794760325,0.0004900443992396003,1748944271.3340948
3922,0.05616774037480354,-1.1051883697509766,0.0,2.286076307296753,0.918345794760325,0.0004900418856468835,1748944271.3974366
3923,0.05034080520272255,-1.3843371868133545,0.0,2.408342123031616,0.918345794760325,0.0004900393720670597,1748944271.4759977
3924,0.02692856267094612,-1.496761441230774,0.0,1.2716395854949951,0.918345794760325,0.0004900368585001289,1748944271.5502796
3925,1.52985680103302,-1.3212499618530273,0.0,1.5757187604904175,0.918345794760325,0.000490034344946091,1748944271.623656
3926,0.03969232738018036,-1.5263988971710205,0.0,2.357663631439209,0.918345794760325,0.0004900318314049458,1748944271.683787
3927,0.039788197726011276,-1.5746276378631592,0.0,2.539865255355835,0.918345794760325,0.0004900293178766934,1748944271.7496605
3928,0.04278549924492836,-1.4301806688308716,0.0,2.649872064590454,0.918345794760325,0.0004900268043613337,1748944271.8165085
3929,0.058236412703990936,-1.7837176322937012,0.0,2.8041133880615234,0.918345794760325,0.0004900242908588665,1748944271.8822954
3930,0.05949948728084564,-1.8898694515228271,0.0,2.1551477909088135,0.918345794760325,0.0004900217773692921,1748944271.9430246
3931,0.05671779066324234,-1.4146523475646973,0.0,3.1985960006713867,0.918345794760325,0.00049001926389261,1748944272.0076072
3932,0.06636527180671692,-1.2545665502548218,0.0,3.542975425720215,0.918345794760325,0.0004900167504288203,1748944272.0670218
3933,1.5486129522323608,-1.547600269317627,0.0,2.0420548915863037,0.918345794760325,0.0004900142369779231,1748944272.1326668
3934,0.04366050660610199,-1.458900809288025,0.0,2.7402756214141846,0.918345794760325,0.000490011723539918,1748944272.1928518
3935,1.561025619506836,-1.3233672380447388,0.0,3.0884194374084473,0.918345794760325,0.0004900092101148052,1748944272.2599804
3936,0.026940934360027313,-1.297428846359253,0.0,1.5638307332992554,0.918345794760325,0.0004900066967025846,1748944272.3224351
3937,0.03306344896554947,-1.4193322658538818,0.0,2.1060168743133545,0.918345794760325,0.0004900041833032561,1748944272.3818789
3938,0.04984316602349281,-1.2904689311981201,0.0,3.9863593578338623,0.918345794760325,0.0004900016699168195,1748944272.4396265
3939,0.0462660938501358,-1.3858306407928467,0.0,1.316025733947754,0.918345794760325,0.000489999156543275,1748944272.4986384
3940,0.0643855556845665,-1.3011534214019775,0.0,2.912783622741699,0.918345794760325,0.0004899966431826223,1748944272.5579085
3941,0.047404780983924866,-1.300508737564087,0.0,1.939206600189209,0.918345794760325,0.0004899941298348614,1748944272.6151316
3942,0.04161309450864792,-1.426141619682312,0.0,2.077913284301758,0.918345794760325,0.0004899916164999923,1748944272.6740544
3943,0.061234280467033386,-1.7665611505508423,0.0,1.8799183368682861,0.918345794760325,0.0004899891031780149,1748944272.7320316
3944,1.557353138923645,-1.781720757484436,0.0,2.5638411045074463,0.918345794760325,0.0004899865898689291,1748944272.7980456
3945,0.061476122587919235,-1.3266632556915283,0.0,3.63992977142334,0.918345794760325,0.0004899840765727348,1748944272.8651247
3946,0.05452791601419449,-1.5001435279846191,0.0,2.9139535427093506,0.918345794760325,0.000489981563289432,1748944272.924585
3947,0.03884337842464447,-1.362453579902649,0.0,1.7070773839950562,0.918345794760325,0.0004899790500190208,1748944272.9828022
3948,0.05727716535329819,-1.2833799123764038,0.0,2.3421919345855713,0.918345794760325,0.0004899765367615007,1748944273.0406795
3949,0.05548414960503578,-1.3988876342773438,0.0,4.376010417938232,0.918345794760325,0.000489974023516872,1748944273.0997424
3950,0.03625006601214409,-1.3301407098770142,0.0,2.4820756912231445,0.918345794760325,0.0004899715102851346,1748944273.1577344
3951,0.04595354199409485,-1.200819730758667,0.0,2.780402183532715,0.918345794760325,0.0004899689970662884,1748944273.2156816
3952,0.054642170667648315,-1.7701396942138672,0.0,3.9172401428222656,0.918345794760325,0.0004899664838603332,1748944273.2742805
3953,0.03075101599097252,-1.564969539642334,0.0,2.5770986080169678,0.918345794760325,0.0004899639706672689,1748944273.3328848
3954,0.06001608073711395,-1.5407400131225586,0.0,3.0610151290893555,0.918345794760325,0.0004899614574870959,1748944273.3914878
3955,1.5776288509368896,-1.5512924194335938,0.0,6.0352463722229,0.918345794760325,0.0004899589443198135,1748944273.4491837
3956,0.049222271889448166,-1.2479839324951172,0.0,1.6813946962356567,0.918345794760325,0.000489956431165422,1748944273.5090082
3957,0.05046616122126579,-1.5225281715393066,0.0,2.180171251296997,0.918345794760325,0.0004899539180239213,1748944273.5715594
3958,0.052245013415813446,-1.3473854064941406,0.0,4.716018199920654,0.918345794760325,0.0004899514048953113,1748944273.632382
3959,0.0740077942609787,-1.3939090967178345,0.0,5.728419303894043,0.918345794760325,0.0004899488917795919,1748944273.690619
3960,0.0484633669257164,-1.3052141666412354,0.0,3.046203374862671,0.918345794760325,0.000489946378676763,1748944273.7499077
3961,0.05892806872725487,-1.3290181159973145,0.0,3.3029043674468994,0.918345794760325,0.0004899438655868247,1748944273.8127403
3962,0.052707649767398834,-1.6620028018951416,0.0,5.9992995262146,0.918345794760325,0.0004899413525097769,1748944273.8736825
3963,0.0482773631811142,-1.4326989650726318,0.0,4.265286445617676,0.918345794760325,0.0004899388394456193,1748944273.931837
3964,0.04623768478631973,-1.458564043045044,0.0,2.330655574798584,0.918345794760325,0.0004899363263943521,1748944273.990968
3965,0.04950111731886864,-1.267693042755127,0.0,3.179100275039673,0.918345794760325,0.0004899338133559751,1748944274.0489252
3966,0.040391795337200165,-0.9931572675704956,0.0,2.218803644180298,0.918345794760325,0.0004899313003304883,1748944274.107725
3967,0.06994512677192688,-1.388101577758789,0.0,2.9614436626434326,0.918345794760325,0.0004899287873178917,1748944274.1657403
3968,0.06726115196943283,-1.7432501316070557,0.0,4.231879711151123,0.918345794760325,0.0004899262743181849,1748944274.2234483
3969,0.05365624278783798,-1.4877817630767822,0.0,3.3367042541503906,0.918345794760325,0.0004899237613313682,1748944274.2829888
3970,0.03554491326212883,-1.6572747230529785,0.0,1.6081074476242065,0.918345794760325,0.0004899212483574414,1748944274.3456268
3971,0.04376158118247986,-1.465449571609497,0.0,1.5751062631607056,0.918345794760325,0.0004899187353964045,1748944274.40652
3972,0.048823125660419464,-1.5915828943252563,0.0,2.5665719509124756,0.918345794760325,0.0004899162224482573,1748944274.465966
3973,0.051201336085796356,-1.7585344314575195,0.0,2.741992712020874,0.918345794760325,0.0004899137095129998,1748944274.5247643
3974,0.06877898424863815,-1.3632123470306396,0.0,3.912243604660034,0.918345794760325,0.0004899111965906319,1748944274.7508507
3975,0.06628504395484924,-1.259905219078064,0.0,3.392139196395874,0.918345794760325,0.0004899086836811537,1748944274.8159235
3976,0.04518252611160278,-1.5230669975280762,0.0,1.7961370944976807,0.918345794760325,0.0004899061707845649,1748944274.8750944
3977,0.03971409425139427,-1.3922919034957886,0.0,2.2343547344207764,0.918345794760325,0.0004899036579008656,1748944274.9399164
3978,0.06770969927310944,-1.3171780109405518,0.0,3.7586028575897217,0.918345794760325,0.0004899011450300557,1748944275.000319
3979,0.05054684728384018,-1.226601243019104,0.0,2.7745227813720703,0.918345794760325,0.0004898986321721351,1748944275.06335
3980,0.03953354060649872,-1.3431940078735352,0.0,2.9530436992645264,0.918345794760325,0.0004898961193271036,1748944275.1249914
3981,0.03866775333881378,-1.2880080938339233,0.0,1.5545789003372192,0.918345794760325,0.0004898936064949614,1748944275.187954
3982,0.04560545086860657,-1.3562036752700806,0.0,2.994859457015991,0.918345794760325,0.0004898910936757083,1748944275.2487488
3983,0.049809470772743225,-1.2931971549987793,0.0,2.659212350845337,0.918345794760325,0.0004898885808693442,1748944275.3082485
3984,1.550972819328308,-1.632557988166809,0.0,4.367193222045898,0.918345794760325,0.0004898860680758692,1748944275.3706033
3985,0.061326123774051666,-1.376112699508667,0.0,3.2551653385162354,0.918345794760325,0.0004898835552952829,1748944275.4317827
3986,0.04283876717090607,-1.5520546436309814,0.0,1.3513728380203247,0.918345794760325,0.0004898810425275857,1748944275.4919288
3987,0.027197400107979774,-1.321420669555664,0.0,1.269235610961914,0.918345794760325,0.0004898785297727771,1748944275.5507095
3988,0.047558918595314026,-1.382585883140564,0.0,2.4754745960235596,0.918345794760325,0.0004898760170308573,1748944275.6128411
3989,0.05794057622551918,-1.6704771518707275,0.0,2.36393666267395,0.918345794760325,0.000489873504301826,1748944275.673651
3990,0.05372742936015129,-1.179258108139038,0.0,2.8084328174591064,0.918345794760325,0.0004898709915856835,1748944275.7326107
3991,0.04928499460220337,-1.5556020736694336,0.0,2.4798033237457275,0.918345794760325,0.0004898684788824294,1748944275.7908485
3992,0.04003249853849411,-1.4018714427947998,0.0,1.5481659173965454,0.918345794760325,0.0004898659661920638,1748944275.8527267
3993,0.04588983207941055,-1.2710351943969727,0.0,2.1591250896453857,0.918345794760325,0.0004898634535145864,1748944275.9132295
3994,0.04258943349123001,-1.1248877048492432,0.0,2.1819543838500977,0.918345794760325,0.0004898609408499976,1748944275.9739811
3995,0.04472009092569351,-1.1260783672332764,0.0,2.1978471279144287,0.918345794760325,0.0004898584281982969,1748944276.0331247
3996,0.05236610025167465,-1.4792747497558594,0.0,1.9917370080947876,0.918345794760325,0.0004898559155594844,1748944276.0940797
3997,0.05033734440803528,-1.5380480289459229,0.0,2.7674877643585205,0.918345794760325,0.00048985340293356,1748944276.156583
3998,0.04491494968533516,-1.619825839996338,0.0,2.285818099975586,0.918345794760325,0.0004898508903205237,1748944276.2166324
3999,0.057928770780563354,-1.5561434030532837,0.0,2.5201523303985596,0.918345794760325,0.0004898483777203754,1748944276.2812903
4000,0.03557261824607849,-1.7852011919021606,0.0,2.7137622833251953,0.918345794760325,0.0004898458651331149,1748944276.3429153
4001,0.0338992141187191,-1.0498175621032715,0.0,1.4752628803253174,0.918345794760325,0.0004898433525587423,1748944276.4051278
4002,1.5540916919708252,-1.626023530960083,0.0,1.8525022268295288,0.918345794760325,0.0004898408399972576,1748944276.4651756
4003,0.0839051753282547,-1.5798410177230835,0.0,3.9840211868286133,0.918345794760325,0.0004898383274486606,1748944276.5245798
4004,0.06526663899421692,-1.0333197116851807,0.0,2.1365303993225098,0.918345794760325,0.0004898358149129511,1748944276.5839775
4005,0.04741234332323074,-1.4731969833374023,0.0,1.941417932510376,0.918345794760325,0.0004898333023901294,1748944276.648325
4006,0.047420796006917953,-1.6002999544143677,0.0,2.428929567337036,0.918345794760325,0.0004898307898801951,1748944276.7077358
4007,0.05977535992860794,-1.37494695186615,0.0,3.309983253479004,0.918345794760325,0.0004898282773831482,1748944276.7681472
4008,0.04294244945049286,-1.737890601158142,0.0,2.94431471824646,0.918345794760325,0.0004898257648989888,1748944276.8323507
4009,0.07606528699398041,-1.468156337738037,0.0,4.777642726898193,0.918345794760325,0.0004898232524277167,1748944276.8912451
4010,0.05747495964169502,-1.3289704322814941,0.0,3.424267530441284,0.918345794760325,0.0004898207399693319,1748944276.950986
4011,0.05108213797211647,-1.435732126235962,0.0,2.357166290283203,0.918345794760325,0.0004898182275238342,1748944277.0127075
4012,0.05287325382232666,-1.4550167322158813,0.0,3.0515329837799072,0.918345794760325,0.0004898157150912236,1748944277.073635
4013,0.05414929986000061,-1.155566930770874,0.0,2.8946285247802734,0.918345794760325,0.0004898132026715002,1748944277.1379323
4014,0.03859324008226395,-1.4048305749893188,0.0,1.9109123945236206,0.918345794760325,0.0004898106902646637,1748944277.1987588
4015,0.06959888339042664,-1.633509635925293,0.0,3.925851583480835,0.918345794760325,0.0004898081778707141,1748944277.2576585
4016,0.05908961594104767,-1.397908329963684,0.0,3.261960029602051,0.918345794760325,0.0004898056654896515,1748944277.3222182
4017,0.04625779762864113,-1.3259278535842896,0.0,4.563607692718506,0.918345794760325,0.0004898031531214757,1748944277.382979
4018,0.061785802245140076,-1.3927764892578125,0.0,2.89707350730896,0.918345794760325,0.0004898006407661865,1748944277.443456
4019,0.059945568442344666,-1.2864584922790527,0.0,4.642848968505859,0.918345794760325,0.000489798128423784,1748944277.5048592
4020,0.06306957453489304,-1.3007786273956299,0.0,4.2696404457092285,0.918345794760325,0.0004897956160942682,1748944277.5658073
4021,0.04071210324764252,-1.7845072746276855,0.0,2.8563997745513916,0.918345794760325,0.0004897931037776388,1748944277.629765
4022,0.058114755898714066,-1.8557806015014648,0.0,2.782630205154419,0.918345794760325,0.0004897905914738959,1748944277.6908019
